"alaska.pipeline" <-
structure(list(field.defect = c(18, 38, 15, 20, 18, 36, 20, 43, 
45, 65, 43, 38, 33, 10, 50, 10, 50, 15, 53, 60, 18, 38, 15, 20, 
18, 36, 20, 43, 45, 65, 43, 38, 33, 10, 50, 10, 50, 15, 53, 15, 
37, 15, 18, 11, 35, 20, 40, 50, 36, 50, 38, 10, 75, 10, 85, 13, 
50, 58, 58, 48, 12, 63, 10, 63, 13, 28, 35, 63, 13, 45, 9, 20, 
18, 35, 20, 38, 50, 70, 40, 21, 19, 10, 33, 16, 5, 32, 23, 30, 
45, 33, 25, 12, 53, 36, 5, 63, 43, 25, 73, 45, 52, 9, 30, 22, 
56, 15, 45), lab.defect = c(20.2, 56, 12.5, 21.2, 15.5, 39, 21, 
38.2, 55.6, 81.9, 39.5, 56.4, 40.5, 14.3, 81.5, 13.7, 81.5, 20.5, 
56, 80.7, 20, 56.5, 12.1, 19.6, 15.5, 38.8, 19.5, 38, 55, 80, 
38.5, 55.8, 38.8, 12.5, 80.4, 12.7, 80.9, 20.5, 55, 19, 55.5, 
12.3, 18.4, 11.5, 38, 18.5, 38, 55.3, 38.7, 54.5, 38, 12, 81.7, 
11.5, 80, 18.3, 55.3, 80.2, 80.7, 55.8, 15, 81, 12, 81.4, 12.5, 
38.2, 54.2, 79.3, 18.2, 55.5, 11.4, 19.5, 15.5, 37.5, 19.5, 37.5, 
55.5, 80, 37.5, 15.5, 23.7, 9.8, 40.8, 17.5, 4.3, 36.5, 26.3, 
30.4, 50.2, 30.1, 25.5, 13.8, 58.9, 40, 6, 72.5, 38.8, 19.4, 
81.5, 77.4, 54.6, 6.8, 32.6, 19.8, 58.8, 12.9, 49), batch = c(1, 
1, 1, 1, 1, 1, 1, 1, 1, 1, 1, 1, 1, 1, 1, 1, 1, 1, 1, 2, 2, 2, 
2, 2, 2, 2, 2, 2, 2, 2, 2, 2, 2, 2, 2, 2, 2, 2, 2, 3, 3, 3, 3, 
3, 3, 3, 3, 3, 3, 3, 3, 3, 3, 3, 3, 3, 3, 3, 3, 4, 4, 4, 4, 4, 
4, 4, 4, 4, 4, 4, 4, 4, 4, 4, 4, 4, 4, 4, 4, 5, 5, 5, 5, 5, 5, 
5, 5, 5, 5, 5, 5, 5, 5, 5, 5, 5, 5, 5, 5, 5, 6, 6, 6, 6, 6, 6, 
6)), .Names = c("field.defect", "lab.defect", "batch"), class = "data.frame", row.names = c("1", 
"2", "3", "4", "5", "6", "7", "8", "9", "10", "11", "12", "13", 
"14", "15", "16", "17", "18", "19", "20", "21", "22", "23", "24", 
"25", "26", "27", "28", "29", "30", "31", "32", "33", "34", "35", 
"36", "37", "38", "39", "40", "41", "42", "43", "44", "45", "46", 
"47", "48", "49", "50", "51", "52", "53", "54", "55", "56", "57", 
"58", "59", "60", "61", "62", "63", "64", "65", "66", "67", "68", 
"69", "70", "71", "72", "73", "74", "75", "76", "77", "78", "79", 
"80", "81", "82", "83", "84", "85", "86", "87", "88", "89", "90", 
"91", "92", "93", "94", "95", "96", "97", "98", "99", "100", 
"101", "102", "103", "104", "105", "106", "107"))
