"alltime.movies" <-
structure(list(Gross = c(601, 461, 435, 431, 404, 357, 339, 330, 
329, 318, 313, 311, 309, 306, 294, 290, 286, 268, 262, 260, 260, 
257, 256, 251, 250, 246, 242, 242, 241, 239, 235, 234, 233, 229, 
228, 226, 219, 218, 217, 216, 215, 213, 211, 207, 206, 205, 202, 
202, 199, 199, 197, 194, 192, 191, 190, 188, 185, 184, 184, 184, 
183, 183, 183, 181, 181, 181, 181, 180, 180, 178, 177, 177, 176, 
176, 175, 174, 173, 173, 172), Release.Year = c(1997, 1977, 1982, 
1999, 2002, 1993, 2002, 1994, 1994, 2001, 2001, 2002, 1983, 1996, 
1999, 1980, 1990, 2001, 2002, 1975, 2000, 2003, 2001, 1989, 1997, 
1999, 1981, 1996, 2002, 1984, 1984, 2000, 1973, 1997, 2002, 2001, 
1993, 1990, 1992, 1998, 2000, 2002, 1985, 2003, 1999, 1991, 2001, 
1998, 1939, 2001, 1989, 2003, 1995, 2003, 2002, 2000, 1937, 1990, 
1995, 1993, 2000, 2000, 2001, 1978, 1997, 1996, 2001, 2001, 1984, 
1990, 1982, 1986, 1998, 2002, 1986, 1995, 1992, 1997, 1988)), .Names = c("Gross", 
"Release.Year"), row.names = c("Titanic                                ", 
"Star Wars                              ", "E.T.                                   ", 
"Star Wars: The Phantom Menace          ", "Spider-Man                             ", 
"Jurassic Park                          ", "The Two Towers", 
"Forrest Gump                           ", "The Lion King                          ", 
"Harry Potter and the Sorcerer's Stone  ", "The Fellowship of the Ring             ", 
"Star Wars: Attack of the Clones        ", "Return of the Jedi                     ", 
"Independence Day                       ", "The Sixth Sense                        ", 
"The Empire Strikes Back                ", "Home Alone                             ", 
"Shrek                                  ", "Harry Potter and the Chamber of Secrets", 
"Jaws                                   ", "How the Grinch Stole Christmas         ", 
"The Matrix Reloaded                    ", "Monsters, Inc.                         ", 
"Batman                                 ", "Men in Black                           ", 
"Toy Story 2                            ", "Raiders of the Lost Ark                ", 
"Twister                                ", "My Big Fat Greek Wedding               ", 
"Ghostbusters                           ", "Beverly Hills Cop                      ", 
"Cast Away                              ", "The Excorcist                          ", 
"The Lost World: Jurassic Park          ", "Signs                                  ", 
"Rush Hour 2                            ", "Mrs. Doubtfire                         ", 
"Ghost                                  ", "Aladdin                                ", 
"Saving Private Ryan                    ", "Mission: Impossible 2                  ", 
"Austin Powers in Goldmember            ", "Back to the Future                     ", 
"X2: X-Men United                       ", "Austin Powers: The Spy Who Shagged Me  ", 
"Terminator 2: Judgement Day            ", "The Mummy Returns                      ", 
"Armageddon                             ", "Gone With the Wind                     ", 
"Pearl Harbor                           ", "Indiana Jones and the Last Crusade     ", 
"Bruce Almighty                         ", "Toy Story                              ", 
"Finding Nemo                           ", "Men in Black II                        ", 
"Gladiator                              ", "Snow White and the Seven Dwarfs        ", 
"Dances With Wolves                     ", "Batman Forever                         ", 
"The Fugitive                           ", "The Perfect Storm                      ", 
"What Women Want                        ", "Ocean's 11                             ", 
"Grease                                 ", "Liar Liar                              ", 
"Mission: Impossible                    ", "Jurassic Park III                      ", 
"Planet of the Apes                     ", "Indiana Jones and the Temple of Doom   ", 
"Pretty Woman                           ", "Tootsie                                ", 
"Top Gun                                ", "There's Something About Mary           ", 
"Ice Age                                ", "\"Crocodile\" Dundee                     ", 
"Apollo 13                              ", "Home Alone 2: Lost in New York         ", 
"Air Force One                          ", "Rain Man                               "
), class = "data.frame")
