"aosat" <-
structure(list(V1 = c(1851, 1851.0833, 1851.1667, 1852, 1852.0833, 
1852.1667, 1853, 1853.0833, 1853.1667, 1854, 1854.0833, 1854.1667, 
1855, 1855.0833, 1855.1667, 1856, 1856.0833, 1856.1667, 1857, 
1857.0833, 1857.1667, 1858, 1858.0833, 1858.1667, 1859, 1859.0833, 
1859.1667, 1860, 1860.0833, 1860.1667, 1861, 1861.0833, 1861.1667, 
1862, 1862.0833, 1862.1667, 1863, 1863.0833, 1863.1667, 1864, 
1864.0833, 1864.1667, 1865, 1865.0833, 1865.1667, 1866, 1866.0833, 
1866.1667, 1867, 1867.0833, 1867.1667, 1868, 1868.0833, 1868.1667, 
1869, 1869.0833, 1869.1667, 1870, 1870.0833, 1870.1667, 1871, 
1871.0833, 1871.1667, 1872, 1872.0833, 1872.1667, 1873, 1873.0833, 
1873.1667, 1874, 1874.0833, 1874.1667, 1875, 1875.0833, 1875.1667, 
1876, 1876.0833, 1876.1667, 1877, 1877.0833, 1877.1667, 1878, 
1878.0833, 1878.1667, 1879, 1879.0833, 1879.1667, 1880, 1880.0833, 
1880.1667, 1881, 1881.0833, 1881.1667, 1882, 1882.0833, 1882.1667, 
1883, 1883.0833, 1883.1667, 1884, 1884.0833, 1884.1667, 1885, 
1885.0833, 1885.1667, 1886, 1886.0833, 1886.1667, 1887, 1887.0833, 
1887.1667, 1888, 1888.0833, 1888.1667, 1889, 1889.0833, 1889.1667, 
1890, 1890.0833, 1890.1667, 1891, 1891.0833, 1891.1667, 1892, 
1892.0833, 1892.1667, 1893, 1893.0833, 1893.1667, 1894, 1894.0833, 
1894.1667, 1895, 1895.0833, 1895.1667, 1896, 1896.0833, 1896.1667, 
1897, 1897.0833, 1897.1667, 1898, 1898.0833, 1898.1667, 1899, 
1899.0833, 1899.1667, 1900, 1900.0833, 1900.1667, 1901, 1901.0833, 
1901.1667, 1902, 1902.0833, 1902.1667, 1903, 1903.0833, 1903.1667, 
1904, 1904.0833, 1904.1667, 1905, 1905.0833, 1905.1667, 1906, 
1906.0833, 1906.1667, 1907, 1907.0833, 1907.1667, 1908, 1908.0833, 
1908.1667, 1909, 1909.0833, 1909.1667, 1910, 1910.0833, 1910.1667, 
1911, 1911.0833, 1911.1667, 1912, 1912.0833, 1912.1667, 1913, 
1913.0833, 1913.1667, 1914, 1914.0833, 1914.1667, 1915, 1915.0833, 
1915.1667, 1916, 1916.0833, 1916.1667, 1917, 1917.0833, 1917.1667, 
1918, 1918.0833, 1918.1667, 1919, 1919.0833, 1919.1667, 1920, 
1920.0833, 1920.1667, 1921, 1921.0833, 1921.1667, 1922, 1922.0833, 
1922.1667, 1923, 1923.0833, 1923.1667, 1924, 1924.0833, 1924.1667, 
1925, 1925.0833, 1925.1667, 1926, 1926.0833, 1926.1667, 1927, 
1927.0833, 1927.1667, 1928, 1928.0833, 1928.1667, 1929, 1929.0833, 
1929.1667, 1930, 1930.0833, 1930.1667, 1931, 1931.0833, 1931.1667, 
1932, 1932.0833, 1932.1667, 1933, 1933.0833, 1933.1667, 1934, 
1934.0833, 1934.1667, 1935, 1935.0833, 1935.1667, 1936, 1936.0833, 
1936.1667, 1937, 1937.0833, 1937.1667, 1938, 1938.0833, 1938.1667, 
1939, 1939.0833, 1939.1667, 1940, 1940.0833, 1940.1667, 1941, 
1941.0833, 1941.1667, 1942, 1942.0833, 1942.1667, 1943, 1943.0833, 
1943.1667, 1944, 1944.0833, 1944.1667, 1945, 1945.0833, 1945.1667, 
1946, 1946.0833, 1946.1667, 1947, 1947.0833, 1947.1667, 1948, 
1948.0833, 1948.1667, 1949, 1949.0833, 1949.1667, 1950, 1950.0833, 
1950.1667, 1951, 1951.0833, 1951.1667, 1952, 1952.0833, 1952.1667, 
1953, 1953.0833, 1953.1667, 1954, 1954.0833, 1954.1667, 1955, 
1955.0833, 1955.1667, 1956, 1956.0833, 1956.1667, 1957, 1957.0833, 
1957.1667, 1958, 1958.0833, 1958.1667, 1959, 1959.0833, 1959.1667, 
1960, 1960.0833, 1960.1667, 1961, 1961.0833, 1961.1667, 1962, 
1962.0833, 1962.1667, 1963, 1963.0833, 1963.1667, 1964, 1964.0833, 
1964.1667, 1965, 1965.0833, 1965.1667, 1966, 1966.0833, 1966.1667, 
1967, 1967.0833, 1967.1667, 1968, 1968.0833, 1968.1667, 1969, 
1969.0833, 1969.1667, 1970, 1970.0833, 1970.1667, 1971, 1971.0833, 
1971.1667, 1972, 1972.0833, 1972.1667, 1973, 1973.0833, 1973.1667, 
1974, 1974.0833, 1974.1667, 1975, 1975.0833, 1975.1667, 1976, 
1976.0833, 1976.1667, 1977, 1977.0833, 1977.1667, 1978, 1978.0833, 
1978.1667, 1979, 1979.0833, 1979.1667, 1980, 1980.0833, 1980.1667, 
1981, 1981.0833, 1981.1667, 1982, 1982.0833, 1982.1667, 1983, 
1983.0833, 1983.1667, 1984, 1984.0833, 1984.1667, 1985, 1985.0833, 
1985.1667, 1986, 1986.0833, 1986.1667, 1987, 1987.0833, 1987.1667, 
1988, 1988.0833, 1988.1667, 1989, 1989.0833, 1989.1667, 1990, 
1990.0833, 1990.1667, 1991, 1991.0833, 1991.1667, 1992, 1992.0833, 
1992.1667, 1993, 1993.0833, 1993.1667, 1994, 1994.0833, 1994.1667, 
1995, 1995.0833, 1995.1667, 1996, 1996.0833, 1996.1667, 1997, 
1997.0833, 1997.1667),