"arctic.oscillations" <-
c(0.82579301, -0.23695272, -1.2801613, -0.10829352, -0.33291995, 
-0.23635367, -0.37983362, -0.59033256, 0.044757527, 0.19523076, 
0.54817356, -1.7466956, -0.78191404, -2.6493883, -1.7520119, 
0.57118171, 0.31548293, -0.25829591, -0.21393412, -0.086900261, 
1.1711998, 0.34072524, -0.32167148, 0.73999819, 1.0242004, -1.1392124, 
0.15709654, 0.66619194, -0.3265185, 0.19876693, -0.13612393, 
0.083411811, -0.14342157, -0.50633794, -0.10609223, -1.1760061, 
0.46457261, -1.5544251, 0.097722738, -1.3982807, -0.6337057, 
-1.565944, -0.62508859, -1.0038149, -0.37488562, 0.036243117, 
-0.35876623, 0.61324186, 0.74044035, 3.4575693, 1.8840146, -0.72282583, 
-0.046295881, -1.7889691, -0.58374567, -0.22937657, -0.0044385572, 
-0.50078709, 0.33673621, -0.82136025, 1.3401605, 0.25061518, 
-0.19410646, 1.2338773, 0.40676742, -0.36622298, -0.26547037, 
-0.69536707, -0.56455159, -0.32710114, 0.15938217, 0.24156822, 
1.801065, 0.85094541, 0.16626251, -1.5274995, 0.64577713, -0.11220503, 
-0.016813532, -0.51012455, -0.047168351, -0.99111561, -0.2297281, 
0.92141778, 0.35703376, -0.7424685, 0.29872487, 0.52540808, -1.2354591, 
-1.0841857, -0.28929599, -0.96689351, -0.17966909, -0.20583752, 
-2.1137297, 0.10955722, 0.36880098, 0.61979994, 1.7023408, -0.30440478, 
-1.1953159, -0.81600156, -1.2532033, -0.34882287, -0.41565793, 
-0.95873274, -0.50011286, -1.0118712, 1.022191, 0.24268784, 0.22288004, 
-0.47384269, 0.48436219, -0.40050493, -0.56682342, -0.20296039, 
0.1711859, -0.37885485, -0.59543842, -0.13023195, 0.50298182, 
-0.430045, -2.7450779, 0.16787507, -1.2294265, -0.6847795, 0.39061867, 
0.60951876, -0.71101687, -0.84439145, -0.47849223, -1.0939217, 
1.9402417, 0.80379829, -0.066207242, -0.20246068, -0.41277109, 
-0.37326421, -0.43860386, -0.82967596, -0.10717134, 0.34758067, 
-3.1613852, -0.83172416, 1.1490902, 1.6674838, 0.58711822, 0.74553605, 
0.49028205, -0.30093826, -0.63540429, -0.42862986, 0.041890199, 
-0.47910289, 0.30467623, -0.08637523, -0.61933461, -1.0670607, 
0.2008373, 0.62898932, 0.34662622, -0.66389562, -0.58482197, 
-0.98003105, -1.4271087, -0.62145, -0.029204881, 1.0514039, 0.67922984, 
0.9953462, 2.8348391, 0.37892807, 0.094762314, 0.40056368, -0.69254524, 
-0.5974098, -0.85371386, -0.63176605, 1.1629677, 0.33394642, 
1.4469881, 1.4126143, 0.039509288, 1.4478626, 1.6384601, 0.44815704, 
-0.46706797, -0.41002478, -0.11123239, -0.69429535, 0.28166451, 
0.84680274, -1.1806065, -0.64889927, -2.4126007, 0.81407015, 
-0.88121537, -0.76886771, -0.7543127, -0.98930824, -1.091459, 
-1.1488382, -1.7625225, -1.1870675, 2.7087028, 0.9599586, -2.3713428, 
-0.36909317, -0.38357303, -0.84464188, 0.19141472, -0.029476971, 
-0.2596685, 1.2353774, 0.12901443, -2.5356856, -1.2220936, 0.0040915484, 
-0.43968548, -1.4837243, -1.3451389, 0.16486469, -0.085504269, 
-0.44154838, 1.3252813, 0.2868218, 0.58915827, -1.4449199, -1.9172389, 
2.7929077, 0.66475333, -0.34820461, 0.67682523, 0.3526387, -1.6203317, 
-0.013598883, 0.023358328, -0.22876213, -0.19678834, -0.27315107, 
-0.91361875, -1.7576271, -0.99605135, 0.2616678, -0.75315331, 
0.2112695, -0.04816461, 0.32948208, 0.4687707, -1.3162947, -1.5220602, 
0.44116388, 1.2130045, 1.5080901, 2.6697972, -1.0276588, 0.18209995, 
-0.57307821, 0.385573, -0.61064895, -0.3118067, -1.0326128, 0.9940193, 
-1.1023426, 1.9036209, -0.27145658, 1.8217631, -0.28754769, -0.020466627, 
-0.71578412, 0.082848507, -0.13960467, -0.40009643, -0.32241317, 
-2.1444765, 1.0913453, -0.84600207, 1.412838, 0.019526655, -0.55942801, 
0.28611441, 0.30448095, -0.14737336, -0.72171934, -0.32118656, 
-1.7748618, -0.21076623, 0.37302116, 1.7350656, -0.40222304, 
0.12546097, -0.13377695, -0.36653699, -0.32182994, 0.068179569, 
-0.56354815, -0.073477561, 0.090987934, -1.003611, 0.37988437, 
0.27655604, -1.1741728, -2.2851244, -0.56772689, -0.11555245, 
-0.38220626, 0.76053301, 0.30111925, 0.57949736, -0.077454823, 
0.44299762, 1.3839085, 2.3378505, 0.34657646, -0.99509673, 1.2487377, 
-0.3612354, 0.087906457, -0.4785521, 0.0066382905, 0.37422976, 
-0.33467433, -0.37797344, -1.2306103, 0.30325188, 0.063743766, 
0.53805452, 0.095180018, -1.130496, -1.2545341, 0.65455448, 0.18836481, 
0.096028198, -1.2742325, -0.31083947, -0.33938103, 1.0943, -0.2975543, 
1.1216604, 0.94309466, -0.38437304, -0.20564248, -0.12353782, 
-0.25105693, -0.52815435, -0.55062612, 0.28297443, -1.7123097, 
2.2759359, 1.6177521, -0.90398686, 0.04538157, -0.86352973, -0.70521753, 
0.45679288, -0.34849065, 0.0228793, 0.2046371, -0.093794892, 
-0.14892448, -2.757201, -1.0636835, 1.4331343, -0.024074837, 
-0.023759911, -0.69969461, -0.0069078569, -0.2835694, -0.1488814, 
0.48377313, -0.049006784, 0.62988499, 1.4214759, 0.35383042, 
0.39826052, -0.88142823, 0.41884451, 0.34473635, -0.20340758, 
-0.57078678, -1.0193616, -0.35073545, 0.53897225, -0.3225242, 
-1.2614448, -0.52978227, -1.9734431, -0.01744986, -0.42829631, 
-0.6630122, -0.027370708, -0.27964185, -0.10033924, 0.45251861, 
0.42744661, 1.2938114, 2.6337656, -0.036360044, -1.7765719, -0.46485458, 
-0.66267688, -0.71149922, -0.18638676, 0.08212478, 0.50744481, 
0.032458932, 0.50802604, 1.1343948, 0.71553735, -1.9226705, -0.49530997, 
-0.34762626, -0.24372383, -0.069609929, 0.54490915, 0.99822168, 
-0.79516135, -0.9005126, 0.01169834, -0.1411926, 1.6194151, 1.5896174, 
-0.35350223, -0.37689707, 1.1813921, -0.4517673, -0.28231356, 
-0.16955355, -0.80548021, 0.24947991, -0.4291877, -0.63139405, 
0.34363427, 2.6191587, -0.14728351, -1.4777304, -0.87181255, 
-0.32714665, 0.88918293, 0.38706285, -0.20257078, 0.72235458, 
-0.46149541, -2.7160389, -2.4366211, -3.1334557, -0.76014752, 
-0.37655613, -0.12602449, 0.025474864, -0.16863895, 0.15284711, 
-0.14048872, 0.29459552, 0.4330332, 2.1522429, 1.3257396, 0.72036888, 
-2.63867, 0.18268153, 0.3930559, 0.22196681, -0.10673527, 0.42750944, 
0.78551075, -0.3798091, -1.1610255, -2.2113802, 0.89580437, 0.57511307, 
2.618757, 0.69660254, 0.13535355, 0.81002341, 0.32821699, 0.4518038, 
0.23825098, 0.79223466, 0.62512512, -0.94516269, -0.97410113, 
2.1030836, -0.037027993, 0.45950396, 0.01322231, -0.23870864, 
-0.3123573, 0.015973909, 0.14823583, -0.22795357, 0.2105912, 
-0.29639967, -3.5001476, -0.94691111, -1.4446895, -0.11412357, 
-0.41716662, -0.18673369, -0.13731118, 0.48920584, -0.065438404, 
-0.61425072, 0.81280634, -0.01843026, -1.3968338, -1.8733026, 
-1.2579467, -0.80797125, 0.2489536, 0.39139663, 0.47538476, -0.19511783, 
0.082981428, 0.37502775, 0.041580687, 0.75804506, -0.35635064, 
-2.3286353, -0.35417688, 0.13929201, 0.20793489, -0.40175876, 
0.251846, 0.32027207, 0.68748105, -0.075223349, 0.10656437, 0.38580908, 
-0.72644456, 2.5235478, 1.2798149, 2.3953734, 0.76931071, -0.2336439, 
-0.030333369, -0.7912103, 0.085576471, -0.14059706, -0.38450378, 
0.57866724, 1.6052001, 0.34022405, -0.37817385, 0.14321828, 0.79391374, 
-0.14893046, -0.34983186, 0.80276037, 0.49240356, 0.55394797, 
-1.6037981, NaN, -2.6921376, -0.1141684, 0.62442435, 0.42572219, 
-0.17549498, -0.59600451, -0.1878205, 0.81288982, -0.079329658, 
0.55223852, -0.32682375, -2.4214091, 0.63159657, -0.87401851, 
-0.31174683, 1.1431999, -0.62722577, 0.08313706, 0.32338737, 
0.097469479, -0.21905497, 0.31553231, 0.068877326, -0.99443157, 
0.30551962, -5.2751636, -1.3627239, 1.8969468, 0.24982463, -0.40517357, 
0.56017572, -0.033546421, 0.99653621, 0.8496666, -2.8677144, 
-1.7679869, 0.67550683, 1.067443, 2.8716598, 1.1387703, -0.29917593, 
-0.5466043, -0.044096037, 0.20212076, 0.32785333, 1.0358502, 
0.74170328, 0.71062944, 2.2674803, 2.1652869, -0.40177077, 1.6347728, 
-0.35598323, -0.58668878, 0.094939935, 0.17787758, -0.29864619, 
1.0109135, -1.2817838, -0.73047622, 0.33108256, 0.75508547, 0.2860267, 
0.32175315, 0.30222003, 0.60020246, -0.51041853, -0.47247546, 
0.46716869, -0.068009348, -0.65265233, -1.7368914, 0.37787187, 
-0.19648205, -2.1100768, -0.74559139, -0.57675473, -0.82648755, 
0.2231754, -0.18686373, -0.59551409, 0.12778325, 0.31294834, 
