"batting" <-
structure(list(playerID = structure(c(1207, 1125, 1107, 1086, 
996, 928, 679, 648, 648, 630, 593, 518, 426, 410, 397, 340, 313, 
267, 174, 157, 90, 64, 287, 722, 1005, 1027, 978, 326, 41, 402, 
70, 79, 622, 670, 981, 1098, 555, 105, 494, 584, 401, 523, 587, 
364, 1101, 232, 144, 1124, 767, 563, 578, 567, 511, 76, 417, 
547, 415, 931, 621, 540, 408, 214, 442, 617, 8, 776, 1008, 1110, 
799, 146, 84, 19, 861, 1214, 486, 546, 455, 826, 1143, 56, 424, 
261, 715, 405, 289, 1175, 1194, 223, 336, 726, 399, 1037, 202, 
688, 838, 272, 677, 154, 936, 279, 666, 671, 1132, 950, 867, 
908, 299, 882, 83, 463, 129, 503, 777, 889, 649, 1209, 1182, 
1179, 902, 921, 552, 381, 52, 73, 1040, 647, 999, 633, 438, 782, 
1208, 467, 972, 445, 491, 308, 474, 1213, 501, 97, 42, 640, 102, 
1148, 704, 50, 91, 1133, 107, 122, 588, 424, 286, 591, 1077, 
714, 165, 413, 305, 1145, 550, 500, 133, 387, 1058, 396, 477, 
71, 821, 744, 20, 692, 1032, 596, 378, 388, 951, 31, 844, 600, 
950, 710, 610, 143, 867, 3, 876, 691, 142, 1114, 1187, 1122, 
793, 175, 18, 843, 826, 858, 1169, 12, 1048, 1074, 1103, 363, 
60, 153, 1170, 216, 989, 179, 786, 1129, 420, 173, 526, 1185, 
349, 305, 808, 599, 637, 343, 899, 170, 713, 100, 620, 454, 382, 
171, 629, 534, 121, 360, 351, 266, 1002, 352, 537, 99, 449, 486, 
700, 546, 1210, 409, 317, 813, 848, 398, 583, 939, 943, 156, 
192, 249, 423, 1009, 906, 696, 668, 108, 1180, 787, 1063, 702, 
834, 754, 470, 857, 625, 293, 545, 378, 302, 291, 645, 180, 969, 
450, 1078, 728, 389, 310, 380, 1036, 971, 358, 1198, 298, 812, 
28, 553, 877, 483, 134, 924, 238, 595, 712, 577, 797, 727, 427, 
502, 558, 538, 862, 89, 570, 13, 422, 685, 840, 324, 480, 1105, 
77, 892, 504, 1067, 815, 1103, 506, 103, 927, 294, 435, 624, 
983, 512, 834, 329, 652, 475, 1013, 270, 122, 356, 839, 654, 
1048, 594, 127, 120, 690, 230, 1135, 368, 140, 1085, 530, 611, 
446, 824, 1115, 196, 1084, 956, 622, 406, 597, 226, 523, 19, 
291, 575, 792, 1189, 732, 628, 235, 495, 1186, 88, 1159, 1197, 
497, 259, 481, 1050, 852, 1121, 533, 311, 977, 2, 1000, 412, 
224, 208, 434, 225, 339, 395, 1188, 499, 1181, 1165, 732, 531, 
1035, 1127, 1117, 212, 871, 522, 1029, 377, 1171, 195, 456, 723, 
783, 706, 773, 1120, 246, 48, 976, 244, 478, 370, 343, 891, 930, 
345, 112, 383, 915, 734, 62, 379, 217, 1014, 430, 207, 681), class = "factor", .Label = c("abbotpa01", 
"abernbr01", "abreubo01", "acevejo01", "aceveju01", "adamste01", 
"affelje01", "agbaybe01", "ainswku01", "alcanis01", "alfonan01", 
"alfoned01", "alicelu01", "allench01", "allenlu01", "almanar01", 
"almanca01", "alomaro01", "alomasa02", "aloumo01", "alvarju01", 
"alvarto01", "alvarvi01", "alvarwi01", "amezaal01", "anderbr01", 
"anderbr02", "anderga01", "anderji02", "anderma01", "anderma02", 
"andresh01", "appieke01", "ariasal01", "armasto02", "arrojro01", 
"arroybr01", "asencmi01", "ashbyan01", "astacpe01", "aurilri01", 
"ausmubr01", "austije01", "avenbr01", "aybarma01", "backebr01", 
"bacsimi02", "baergca01", "baezda01", "bagweje01", "baileco01", 
"bakopa01", "baldwja01", "banksbr01", "bankswi01", "barajro01", 
"barcelo01", "bardjo01", "barkeke01", "barremi01", "batismi01", 
"batisto01", "bauerri01", "bautida01", "bechlst01", "beckejo02", 
"bedarer01", "beimejo01", "beirnke01", "bellda01", "bellhma01", 
"bellicl01", "belliro01", "bellja01", "bellro01", "beltrad01", 
"beltrca01", "beltrfr01", "benarma01", "benesal01", "benesan01", 
"benitar01", "benjami01", "bennega01", "benoijo01", "bensokr01", 
"bereja01", "bergda01", "bergebr01", "bergepe01", "berkmla01", 
"bernead01", "berroan01", "beverja01", "biddlro01", "bigbila01", 
"biggicr01", "blakeca01", "blaloha01", "blanche01", "bloomwi01", 
"blumge01", "bocachi01", "boehrbr01", "bondsba01", "bongju01", 
"booneaa01", "boonebr01", "borbope02", "borchjo01", "bordepa01", 
"bordimi01", "borlato02", "borowjo01", "bottari01", "bowiemi01", 
"bowlebr01", "boydja02", "bradfch01", "bradlmi01", "braggda01", 
"branyru01", "brazede01", "britoju01", "brockch01", "brohatr01", 
"brousbe01", "broweji01", "brownad01", "brownde02", "brownke01", 
"brownke04", "brownro01", "buchabr01", "buddimi01", "buehrma01", 
"bukviry01", "burbada01", "burkejo03", "burksel01", "burneaj01", 
"burnije01", "burrepa01", "burrose01", "bushho01", "butlebr02", 
"bynummi01", "byrdma01", "byrdpa01", "byrneer01", "cabrejo01", 
"cabrejo02", "cabreor01", "cairomi01", "callami01", "camermi01", 
"canizja01", "cardoja01", "carpech01", "carragi01", "carroja01", 
"cartela02", "carusmi01", "casanra01", "caseyse01", "cashke01", 
"cassisc01", "castial01", "castifr01", "castilu01", "castivi02", 
"castrju01", "castrra01", "catalfr01", "cedenro01", "cepicma01", 
"cerdaja01", "chacosh01", "chaveen01", "chaveer01", "chavera01", 
"chenbr01", "chench01", "chiassc01", "childma01", "choatra01", 
"choihe01", "chrisja01", "chrismc01", "chrisry01", "cintral01", 
"cirilje01", "clarkbr02", "clarkho02", "clarkto02", "claytro01", 
"clemema01", "clemero02", "cocopa01", "coggida01", "colanmi01", 
"colbrgr01", "collilo01", "colomje01", "colonba01", "condrcl01", 
"coninje01", "contija01", "cookaa01", "cookde01", "coolbmi01", 
"coomero01", "coopebr01", "coraal01", "cordefr01", "cordewi01", 
"cordoma01", "coreybr01", "coreyma02", "cormirh01", "cornena01", 
"cotahu01", "counscr01", "coxst01", "crawfca02", "credejo01", 
"creekdo01", "crespce01", "cressja01", "crispco01", "crudami01", 
"cruzde01", "cruziv01", "cruzja01", "cruzjo02", "cruzju02", "cruzne01", 
"cuddymi01", "cunnawi01", "custja01", "cyrer01", "daalom01", 
"damicje01", "damonjo01", "darenvi01", "daubabr01", "davanje02", 
"daveyto01", "davisbe01", "davisdo02", "davisja02", "davisjj01", 
"daviska01", "dawkitr01", "dawlejo01", "dayza01", "dehaako01", 
"dejeami01", "delgaca01", "delgawi01", "delluda01", "deloslu02", 
"delosva01", "dempsry01", "depause01", "derosma01", "deshide01", 
"desseel01", "dewitma01", "diazei01", "diazju01", "difelmi01", 
"diggibe01", "donnebr01", "donnech01", "doteloc01", "douglse01", 
"dresery01", "drewjd01", "drewti01", "drisktr01", "duboser01", 
"duckwbr01", "duffma01", "duncaco01", "dunnad01", "dunstsh01", 
"dunwoto01", "durazer01", "durbich01", "durhara01", "durocja01", 
"dyeje01", "easleda01", "eatonad01", "echevan01", "eckener01", 
"eckstda01", "edmonji01", "eischjo01", "elderda01", "ellisma01", 
"ellisro02", "embreal01", "encarju01", "encarma01", "ennisjo01", 
"ensbemo01", "ericksc01", "erstada01", "escalfe01", "escobke01", 
"estalbo02", "estessh01", "estrajo01", "everead01", "evereca01", 
"eyresc01", "fabrejo01", "farnsje01", "farnsky01", "fasansa01", 
"fasseje01", "febleca01", "felicpe01", "felizpe01", "fernaja01", 
"fettemi01", "fickro01", "fieldna01", "figgich01", "figuene01", 
"fikacje01", "filebo01", "finlech01", "finlest01", "fioreto01", 
"fitzgbr01", "flahejo01", "fletcda01", "florejo01", "florera01", 
"floydcl01", "foggjo01", "fordybr01", "fossuca01", "fostejo01", 
"foulkke01", "foxan01", "foxch02", "francju01", "francma01", 
"frankry01", "frankwa01", "fredeke01", "frymatr01", "fuentbr01", 
"fullmbr01", "fultzaa01", "furcara01", "fyhrimi01", "gagneer01", 
"galaran01", "gantro01", "garceri01", "garcifr02", "garcije01", 
"garcika01", "garcilu02", "garcino01", "garcire01", "gardnle01", 
"garlajo01", "georgch02", "germaes01", "germafr01", "giambja01", 
"giambje01", "gibboja01", "gilbe01", "gilesbr02", "gilesma01", 
"gilge01", "ginteke01", "gintema01", "gipsoch01", "girarjo01", 
"glanvdo01", "glaustr01", "glavito02", "gloadro01", "glovega01", 
"gomeswa01", "gomezal01", "gomezch02", "gonzaal01", "gonzaal02", 
"gonzaju03", "gonzalu01", "gonzara01", "gonzawi01", "goodwto01", 
"gordoto01", "graboja01", "gracema01", "graffto01", "graveda01", 
"greensh01", "greento02", "greerru01", "greisse01", "grievbe01", 
"griffke02", "grimsja01", "grissma02", "groombu01", "grudzma01", 
"gryboke01", "guarded01", "guerrvl01", "guerrwi01", "guielaa01", 
"guillca01", "guilljo01", "guthrma01", "gutieri01", "guzmacr01", 
"hackmlu01", "hafnetr01", "hairsje02", "halamjo01", "hallaro01", 
