"best.times" <-
structure(list(Dist = c(100, 100, 100, 100, 100, 100, 100, 100, 
100, 100, 100, 100, 100, 200, 200, 200, 200, 200, 200, 200, 200, 
200, 200, 200, 200, 200, 400, 400, 400, 400, 400, 400, 400, 400, 
400, 400, 400, 400, 800, 800, 800, 800, 800, 800, 800, 800, 800, 
800, 800, 800, 800, 1500, 1500, 1500, 1500, 1500, 1500, 1500, 
1500, 1500, 1500, 1500, 1500, 1500, 3000, 3000, 3000, 3000, 3000, 
3000, 3000, 3000, 3000, 3000, 3000, 3000, 5000, 5000, 5000, 5000, 
5000, 5000, 5000, 5000, 5000, 5000, 5000, 5000, 5000, 10000, 
10000, 10000, 10000, 10000, 10000, 10000, 10000, 10000, 10000, 
10000, 10000, 42195, 42195, 42195, 42195, 42195, 42195, 42195, 
42195, 42195, 42195, 42195, 42195), Name = structure(c(39, 19, 
67, 60, 60, 60, 3, 34, 18, 52, 1, 30, 46, 39, 37, 64, 60, 60, 
60, 7, 69, 18, 52, 17, 48, 57, 27, 43, 16, 21, 56, 55, 7, 69, 
18, 5, 40, 48, 33, 54, 59, 59, 66, 11, 13, 28, 24, 24, 40, 50, 
26, 45, 9, 53, 66, 23, 11, 63, 11, 62, 14, 40, 50, 25, 12, 44, 
49, 36, 23, 63, 11, 32, 62, 14, 50, 51, 47, 42, 42, 6, 23, 71, 
11, 11, 29, 14, 72, 2, 26, 8, 44, 6, 58, 22, 41, 11, 68, 10, 
14, 35, 50, 8, 31, 38, 65, 15, 41, 70, 32, 20, 4, 61, 35), .Label = c("Ahti Pajunen", 
"Alfred Althaus", "Allan Meddings", "Andre Osselaer", "Antonio Ant.da Forseca", 
"Antonio Villanueva", "Berthold Neumann", "Carlos Lopes", "David Moorcroft", 
"David Morrison", "Derek Turnbull", "Driss El Himer", "Earl Fee", 
"Ed Benham", "Erik Estbye", "Fred Sowerby", "Friedrich Mahlo", 
"Fritz Assmy", "Gilles Echevin", "Gordon Porteous", "Guido Muller", 
"Gunter Mielke", "Gunther Hesselmann", "Harold Chapson", "Herb Kirk", 
"Herbert Kirk", "James King", "James Lytjen", "James Todd", "Jing-Chang Wang", 
"John Campbell", "John Keston", "Johnny Gray", "Jose Luis Ubarri", 
"Josef Galia", "Josef Kurtz", "Kevin Morgning", "Kjell-Erik Stihl", 
"Lindford Christie", "Longino Perez", "Luciano Acquarone", "Lucien Rault", 
"Manuel Ulacio", "Martti Vainio", "Mike Boit", "Mikko Salonen", 
"Mohamed Ezzher", "Murthy Narayana", "Noel Tijou", "Paul Spangler", 
"Paul Spangler USA", "Payton Jordan", "Pete Molloy", "Peter Browne", 
"Ralf Romain", "Ralph Romain", "Richard Gathercole", "Ron Robertson", 
"Ronald Mercelina", "Ronald Taylor", "Sam Gadless", "Scotty Carter", 
"Siem Herlaar", "Stephen Peters", "Titus Mamabola", "Tom Roberts", 
"Vic Oliver", "Warren Utes", "Wilhelm Selzer", "Will van der Lee", 
"Willem Ravensbergen", "Yoshiharu Ueda"), class = "factor"), 
    Date = structure(c(92, 20, 53, 84, 73, 27, 96, 50, 81, 78, 
    44, 4, 8, 39, 60, 91, 71, 61, 29, 83, 60, 46, 79, 60, 43, 
    60, 25, 2, 80, 26, 56, 57, 58, 65, 42, 57, 98, 64, 82, 30, 
    47, 32, 72, 54, 51, 59, 21, 3, 97, 28, 7, 85, 35, 77, 15, 
    36, 75, 49, 65, 41, 98, 98, 28, 95, 70, 31, 24, 22, 48, 87, 
    12, 66, 41, 5, 19, 89, 33, 23, 34, 63, 40, 93, 13, 60, 60, 
    76, 90, 60, 63, 45, 38, 97, 62, 11, 52, 14, 55, 88, 74, 86, 
    69, 17, 16, 94, 7, 1, 68, 18, 10, 37, 67, 9, 6), .Label = c("01/01/76", 
    "01/01/81", "01/01/83", "01/01/87", "01/01/88", "01/01/90", 
    "01/01/91", "01/01/92", "01/01/95", "01/01/96", "01/01/97", 
    "02/08/92", "03/13/92", "03/15/92", "03/22/84", "04/16/90", 
    "04/20/85", "04/23/95", "05/04/84", "05/07/89", "05/14/78", 
    "05/16/89", "05/21/76", "05/24/87", "05/25/84", "06/03/89", 
    "06/04/94", "06/10/89", "06/10/94", "06/11/90", "06/12/91", 
    "06/16/96", "06/17/95", "06/19/82", "06/19/93", "06/23/81", 
    "06/25/89", "06/25/91", "06/25/95", "06/27/81", "06/28/92", 
    "07/01/90", "07/01/91", "07/01/95", "07/02/84", "07/05/90", 
    "07/07/91", "07/15/81", "07/16/94", "07/16/95", "07/18/95", 
    "07/20/91", "07/20/97", "07/21/89", "07/21/91", "07/22/90", 
    "07/22/95", "07/22/96", "07/23/91", "07/23/97", "07/24/89", 
    "07/24/91", "07/25/91", "07/26/91", "07/26/97", "07/27/95", 
    "07/27/96", "07/28/91", "07/29/89", "07/29/98", "07/31/86", 
    "08/01/89", "08/03/91", "08/04/88", "08/05/89", "08/06/88", 
    "08/09/95", "08/09/97", "08/10/97", "08/12/94", "08/16/91", 
    "08/16/95", "08/18/96", "08/21/84", "08/21/85", "08/28/85", 
    "08/31/90", "09/09/89", "09/16/89", "09/16/94", "09/18/99", 
    "09/23/95", "09/28/89", "09/29/91", "10/06/90", "10/15/93", 
    "11/29/87", "12/05/87"), class = "factor"), Time = c(9.97, 
    10.93, 11.36, 11.5, 11.57, 11.7, 12.71, 13.34, 13.64, 14.42, 
    17.56, 20.67, 38.58, 20.11, 22.15, 22.5, 22.91, 23.37, 24, 
    25.93, 27.44, 28.6, 30.89, 36.52, 44.77, 44.24, 46.39, 47.87, 
    50.2, 51.6, 52.52, 53.88, 57.52, 61.43, 68.24, 78, 91.54, 
    119.76, 103.36, 111.25, 116.16, 119.45, 125.07, 132.62, 134.33, 
    147.57, 160, 169.04, 209.42, 279.59, 362.94, 213.91, 226.07, 
    238.03, 245.02, 254.33, 268.66, 279.87, 304.54, 328.05, 364.28, 
    423.38, 565.02, 833.08, 454.46, 485.08, 511.09, 533.07, 541.08, 
    576.05, 587.04, 651, 724, 792.06, 992, 1208.04, 793.2, 825.06, 
    863.06, 895.6, 942.35, 991.02, 998.08, 1114.61, 1200.13, 
    1317.88, 1550.97, 2160.64, 3023.53, 1637.48, 1710.88, 1802.56, 
    1861.9, 1949.86, 2054.88, 2082.08, 2303.69, 2523.04, 2669.86, 
    3263, 4300.78, 7632, 7864, 8151, 8370, 8795, 9495, 9866, 
    10840, 12192, 14891, 22998, 27266), Time.1 = structure(c(109, 
    11, 13, 14, 15, 16, 17, 19, 20, 25, 32, 48, 77, 47, 52, 53, 
    54, 55, 56, 57, 59, 61, 69, 75, 87, 86, 89, 90, 93, 95, 96, 
    97, 99, 1, 2, 4, 5, 10, 6, 7, 8, 9, 34, 37, 38, 42, 44, 46, 
    65, 83, 100, 66, 67, 68, 79, 81, 82, 84, 91, 92, 101, 103, 
    111, 24, 104, 106, 107, 108, 110, 112, 113, 12, 18, 21, 30, 
    50, 22, 23, 26, 27, 28, 29, 31, 33, 49, 51, 58, 76, 94, 60, 
    62, 70, 71, 72, 73, 74, 78, 85, 88, 98, 3, 35, 36, 39, 40, 
    41, 43, 45, 63, 64, 80, 102, 105), .Label = c("1.01,43", 
    "1.08,24", "1.11.40,78", "1.18,00", "1.31,54", "1.43,36", 
    "1.51,25", "1.56,16", "1.59,45", "1.59,76", "10,93", "10.51,0", 
    "11,36", "11,50", "11,57", "11,70", "12,71", "12.04,0", "13,34", 
    "13,64", "13.12,6", "13.13,20", "13.45,6", "13.53,8", "14,42", 
    "14.23,6", "14.55,60", "15.42,35", "16.31,2", "16.32,0", 
    "16.38,8", "17,56", "18.34,61", "2.05,07", "2.07.12", "2.11.04", 
    "2.12,62", "2.14,33", "2.15.51", "2.19.30", "2.26.35", "2.27,57", 
    "2.38.15", "2.40,0", "2.44.26", "2.49,4", "20,11", "20,67", 
    "20.00,13", "20.08,4", "21.57,88", "22,15", "22,50", "22,91", 
    "23,37", "24,00", "25,93", "25.50,97", "27,44", "27.17,48", 
    "28,60", "28.30,88", "3.00.40", "3.23.12", "3.29,42", "3.33,91", 
    "3.46,7", "3.58,3", "30,89", "30.02,56", "31.01,90", "32.29,86", 
    "34.14,88", "34.42,8", "36,52", "36.00,64", "38,58", "38.23,69", 
    "4.05,2", "4.08.11", "4.14,33", "4.28,66", "4.39,59", "4.39,87", 
    "42.03,4", "44,24", "44,77", "44.29,86", "46,39", "47,87", 
    "5.04,54", "5.28,5", "50,20", "50.23,53", "51,60", "52,52", 
    "53,88", "54.23,0", "57,52", "6.02,94", "6.04,28", "6.23.18", 
    "7.03,38", "7.34,46", "7.34.26", "8.05,08", "8.31,9", "8.53,7", 
    "9,97", "9.01,8", "9.25,2", "9.36,5", "9.47,4"), class = "factor"), 
    age = c(35, 40, 45, 50, 55, 60, 65, 70, 75, 80, 85, 90, 95, 
    35, 40, 45, 50, 55, 60, 65, 70, 75, 80, 85, 90, 95, 35, 40, 
    45, 50, 55, 60, 65, 70, 75, 80, 85, 90, 35, 40, 45, 50, 55, 
    60, 65, 70, 75, 80, 85, 90, 95, 35, 40, 45, 50, 55, 60, 65, 
    70, 75, 80, 85, 90, 95, 35, 40, 45, 50, 55, 60, 65, 70, 75, 
    80, 85, 90, 35, 40, 45, 50, 55, 60, 65, 70, 75, 80, 85, 90, 
    95, 35, 40, 45, 50, 55, 60, 65, 70, 75, 80, 85, 90, 35, 40, 
    45, 50, 55, 60, 65, 70, 75, 80, 85, 90)), .Names = c("Dist", 
"Name", "Date", "Time", "Time.1", "age"),