"breakdown" <-
structure(list(voltage = c(26, 26, 26, 28, 28, 28, 28, 28, 30, 
30, 30, 30, 30, 30, 30, 30, 30, 30, 30, 32, 32, 32, 32, 32, 32, 
32, 32, 32, 32, 32, 32, 32, 32, 32, 34, 34, 34, 34, 34, 34, 34, 
34, 34, 34, 34, 34, 34, 34, 34, 34, 34, 34, 34, 36, 36, 36, 36, 
36, 36, 36, 36, 36, 36, 36, 36, 36, 36, 36, 38, 38, 38, 38, 38, 
38, 38), time = c(5.8, 1580, 2323, 69, 108, 110, 426, 1067, 7.7, 
17, 20, 21, 22, 43, 47, 139, 144, 175, 194, 0.27, 0.4, 0.69, 
0.79, 2.75, 3.9, 9.8, 14, 16, 27, 53, 82, 89, 100, 215, 0.19, 
0.78, 0.96, 1.31, 2.78, 3.16, 4.15, 4.67, 4.85, 6.5, 7.35, 8, 
8.27, 12, 31, 32, 33, 36, 72, 0.35, 0.59, 0.96, 0.99, 1.69, 1.97, 
2.07, 2.58, 2.71, 2.9, 3.67, 3.99, 5.35, 13.77, 25.5, 0.09, 0.39, 
0.47, 0.73, 1.13, 1.4, 2.38)), .Names = c("voltage", "time"), class = "data.frame", row.names = c("1", 
"2", "3", "4", "5", "6", "7", "8", "9", "10", "11", "12", "13", 
"14", "15", "16", "17", "18", "19", "20", "21", "22", "23", "24", 
"25", "26", "27", "28", "29", "30", "31", "32", "33", "34", "35", 
"36", "37", "38", "39", "40", "41", "42", "43", "44", "45", "46", 
"47", "48", "49", "50", "51", "52", "53", "54", "55", "56", "57", 
"58", "59", "60", "61", "62", "63", "64", "65", "66", "67", "68", 
"69", "70", "71", "72", "73", "74", "75"))
