"brightness" <-
c(9.1, 9.27, 6.61, 8.06, 8.55, 12.31, 9.64, 9.05, 8.59, 8.59, 
7.34, 8.43, 8.8, 7.25, 8.6, 8.15, 11.71, 11.03, 6.53, 8.51, 7.55, 
8.69, 7.57, 9.05, 6.28, 9.13, 9.32, 8.83, 9.14, 8.26, 7.63, 9.09, 
8.1, 6.43, 9.07, 7.68, 10.44, 8.65, 7.46, 8.7, 10.61, 8.2, 6.18, 
7.91, 9.59, 8.57, 10.78, 7.31, 9.53, 6.49, 8.94, 8.56, 10.96, 
10.57, 7.4, 8.12, 8.27, 7.05, 9.09, 8.34, 8.86, 8.27, 6.36, 8.08, 
11, 8.55, 7.83, 8.79, 8.33, 10.42, 8.26, 8.97, 6.9, 9.93, 7.42, 
9.03, 8.41, 8.06, 8.69, 8.4, 8.57, 9.5, 8.85, 9.61, 10.62, 8.05, 
7.8, 5.71, 7.87, 7.64, 7.66, 8.68, 8.12, 10.1, 8.67, 10.46, 9.87, 
9.48, 7.04, 8.44, 9.88, 7.05, 8.29, 9.34, 7.73, 6.22, 5.53, 8.53, 
7.23, 8.61, 11.28, 10.76, 8.93, 7.95, 7.46, 8.6, 8.55, 9.2, 6.82, 
8.29, 6.83, 4.78, 7.21, 5.58, 8.7, 8.06, 10.86, 6.5, 9.32, 9.14, 
8.13, 10.62, 6.62, 9.96, 8.64, 6.6, 6.25, 7.83, 10.03, 9.04, 
8.47, 7.33, 8.66, 10.35, 5.13, 8.96, 8.49, 11.26, 8.15, 7.04, 
10.02, 8.9, 7.78, 4.37, 9.93, 8.6, 8.51, 7.09, 6.93, 8.68, 8.98, 
9.84, 8.98, 7.98, 10.16, 8.86, 8.58, 9.56, 9.24, 9.63, 5.8, 9.05, 
8.45, 8.86, 7.84, 8.86, 8.93, 7.97, 6.9, 8.47, 6.77, 8.55, 5.04, 
8.48, 8.53, 6.33, 8.99, 8.64, 9.55, 8.74, 12.43, 8.16, 9.46, 
5.7, 7.62, 8.95, 8.97, 8.94, 7.24, 10.32, 8.24, 8.62, 9.18, 8.53, 
8.54, 8.56, 9.41, 5.87, 7.2, 9.05, 9.52, 10.24, 7.7, 8.17, 7.29, 
9.26, 7.94, 8.42, 8.56, 7.52, 7.74, 8.85, 9.01, 7.17, 9.04, 10.3, 
9.86, 7.64, 8.27, 8.44, 9.58, 8.43, 8.49, 9.64, 9.17, 8.09, 9, 
6.25, 8.56, 10.81, 8.76, 7.76, 7.82, 7.9, 8.52, 9.73, 9.19, 8.1, 
8.75, 8.14, 8.65, 10.3, 6.46, 6.73, 7.96, 9.53, 8.87, 6.59, 8.65, 
9.64, 9.15, 9.04, 12.04, 8.42, 8.09, 9.06, 8.09, 8.18, 8.77, 
7.36, 9.16, 8.82, 11.14, 6.24, 9.44, 7.49, 6.96, 7.94, 8.69, 
8.15, 8.45, 7.92, 7.45, 9.01, 8.55, 9.23, 9.16, 7.9, 8.68, 7.78, 
8.21, 8.11, 8.29, 7.89, 9.67, 8.24, 6.8, 8.18, 8.44, 4.55, 7.45, 
6.31, 8.15, 8.27, 7.66, 8.59, 11.55, 7.09, 8.54, 9.58, 8.44, 
8.59, 8.01, 8.29, 9.62, 7.26, 7.91, 9.45, 8.19, 12.14, 8.93, 
7.65, 8.53, 7.38, 8.56, 8.76, 9.56, 7.09, 9.83, 5.9, 10.8, 8.41, 
9.05, 8.79, 8.88, 7.59, 9.6, 10.66, 8.55, 8.11, 9.44, 9.6, 5.78, 
10.66, 6.38, 8.8, 7.79, 8.6, 7.77, 10.37, 9.8, 10.42, 11.63, 
9.22, 4.99, 8.43, 7.33, 8.93, 9.09, 9.26, 8.73, 9.18, 8.12, 9.26, 
8.94, 6.11, 9.13, 7.9, 9.34, 7.13, 10.82, 7.46, 8.72, 7.02, 9.08, 
8.37, 5.59, 7.37, 5.68, 8.56, 8.72, 9.06, 8.82, 8.18, 9.39, 9.1, 
8.46, 9.15, 8.28, 11.67, 8.18, 7.93, 9.21, 6.09, 8.31, 7.83, 
8.72, 6.61, 6.25, 7.82, 8.66, 8.15, 8.97, 8.15, 7.47, 8.63, 8.13, 
8.23, 8.41, 6.47, 9.83, 8.64, 7.73, 8.64, 8.94, 8.84, 6.32, 5.8, 
8.97, 7.53, 7.41, 7.8, 8.14, 6.71, 8.73, 9.37, 8.69, 9.95, 7.1, 
8.09, 6.88, 9.48, 9.04, 9.3, 8.49, 8.3, 7.95, 7.08, 6.93, 8.38, 
4.61, 8.56, 8.78, 7.42, 8.26, 7.71, 6.91, 9.16, 8.99, 8.63, 9.9, 
7.59, 7.39, 11.99, 7.78, 7.47, 6.97, 8.82, 9.13, 7.86, 7.13, 
9.45, 12.04, 8.78, 7.23, 9.73, 7.36, 7.36, 8.47, 9.37, 6.99, 
8.2, 8.36, 8.22, 5.55, 9.91, 9.67, 8.6, 10.07, 10.15, 7.75, 9.21, 
9.66, 8.47, 9.37, 9.44, 9.99, 10.38, 7.51, 8.91, 7.45, 9.57, 
8.99, 8.58, 6.9, 7.55, 7.93, 9.71, 9.57, 8.55, 6.62, 7.89, 7.51, 
7.36, 8.66, 8.51, 6.65, 9.67, 7.8, 8.21, 7.9, 8.94, 9.82, 8.69, 
8.57, 8.89, 5.98, 7.92, 7.6, 8.22, 5.7, 12.17, 8.75, 6.93, 7.97, 
8.06, 10.13, 7.31, 8.35, 5.57, 9.85, 9.16, 9.03, 10.07, 9.76, 
9.35, 10.95, 8.87, 6.68, 9.69, 8.05, 10.3, 6.07, 8.51, 7.71, 
8.56, 8.26, 11.55, 8.62, 10.92, 10.51, 9.83, 9.84, 9.74, 8.21, 
8.72, 8.03, 9, 6.19, 11.79, 8.22, 7.93, 10.18, 8.98, 9.13, 6.91, 
8.79, 8.23, 12.19, 10.24, 8.83, 7.62, 8.96, 10.41, 8.97, 9.61, 
8.29, 8.3, 8.26, 7.44, 9.52, 8.2, 8.68, 8.65, 10.52, 8.41, 9.18, 
8.42, 8.86, 7.92, 10.97, 8.85, 9.31, 10.28, 7.56, 7.88, 7.99, 
8.23, 8.52, 9.14, 6.2, 7.64, 8.95, 7.48, 7.06, 7.33, 8.98, 8.24, 
8.53, 8.4, 7.48, 8.46, 9.29, 8.57, 8.7, 8.5, 8.37, 6.87, 7.5, 
7.39, 8.19, 7.56, 8.37, 7.39, 6.73, 8.66, 8.25, 8.47, 8.01, 6.83, 
9.06, 8.79, 7.44, 6.43, 5.93, 8.85, 9.86, 8.55, 7.66, 7.82, 9.08, 
10.1, 8.21, 8.85, 7.79, 7.58, 7.85, 7.18, 7.54, 9.72, 7.12, 9.77, 
8.84, 5.67, 8.15, 9.61, 8.19, 7.27, 8.51, 8.36, 10, 8.74, 6.18, 
10.26, 10.16, 8.31, 8.58, 7.04, 8.81, 5.99, 8.22, 9.86, 8, 9.4, 
9.1, 2.07, 8.11, 8.89, 9.43, 7.59, 8.72, 9.86, 9.23, 9.5, 10.73, 
7.59, 7.41, 9.26, 7.78, 7.76, 8.94, 8.95, 6.41, 6.11, 7.76, 7.38, 
6.21, 7.05, 7.44, 8.5, 7.84, 11.01, 7.88, 9.1, 8.65, 8.41, 7.81, 
7.43, 8.76, 7.58, 9.55, 6.82, 10.24, 6.24, 7.31, 10.52, 9.27, 
7.13, 9.14, 8.48, 8.57, 7.21, 9.05, 7.72, 8.03, 6.47, 5.57, 6.32, 
7.78, 11.65, 8.58, 10.37, 9.23, 9.2, 6.93, 11.73, 9.32, 7.11, 
9.79, 8.21, 8.42, 7.05, 9.26, 2.28, 8.77, 9.25, 9.3, 10.63, 9.9, 
9.89, 9.33, 7.78, 7.02, 11.26, 8.89, 9.6, 7.07, 6.01, 5.42, 9.11, 
8.24, 8.97, 3.88, 8.59, 7.17, 7.94, 7.27, 9.59, 7.94, 8.52, 7.59, 
9.17, 8.08, 9.8, 8.92, 9.91, 9.42, 8.84, 10.15, 8.37, 9.33, 9.35, 
7.4, 8.35, 9.53, 9.59, 10.05, 8.57, 8.48, 8.43, 8.45, 8.84, 11.18, 
8.64, 8.42, 6.34, 7.93, 8.36, 8.32, 7.77, 6.84, 8.78, 7.19, 8.5, 
8.82, 9.04, 7.93, 7.66, 10.07, 9.03, 5.54, 5.29, 8.13, 7.51, 
9.08, 7.1, 7.88, 9.4, 9.06, 8.38, 10.65, 7.77, 8.5, 8.61, 10.05, 
8.71, 9.37, 6.97, 8.56, 9.34, 9.47, 8.11, 8.91, 7.83, 8.95, 7.2, 
9.37, 5.84, 5.01, 9.81, 9.27, 9.5, 9.32, 8.92, 8.38, 7.74, 8.6, 
9.49, 8.35, 7.11, 9.87, 8.98, 7.75, 8.24, 6.74, 6.83, 7.7, 6.7, 
8.67, 9.94, 8.73, 9.63, 6.66, 8.29, 8.47, 8.16, 8.97, 7.51, 8.97, 
8.55, 5.84, 7.85, 8.68, 8.05, 8.27, 7.68, 9.4, 7.77, 6.89, 7.55, 
8.27, 8.16, 8.07, 7.91, 7.71, 10.16, 8.41, 8.88, 9.64, 7.93, 
7.78, 8.9, 8.55, 9.15, 10.86, 11.55, 9.08, 7.44, 10.35, 6.68, 
8.85, 8.9, 8.24, 6.74, 10.75, 8.44, 7.69, 4.89, 11.8, 8.88, 7.7, 
8.6, 8.44, 9.5, 9.03, 7.15, 7.95, 8.23, 9.81, 8.48, 9.33, 8.97, 
8.08, 7.47, 8.34, 7.75, 8.34, 5.41, 7.56, 6.93, 10.03, 8.69, 
9.04, 8.32, 7.85, 7.21, 8.98, 7.09, 8.85, 9.21, 8.61, 7.91, 7.47, 
8.65, 8.53, 9.92, 8.09, 5.24, 7.06, 8.45, 8.73, 7.45, 9.02, 7.51, 
7.32, 8.17, 9.45, 9.72, 9.34, 8.75, 9.32, 7.91, 7.49, 6.53, 6.18, 
8.69)
