"BushApproval" <-
structure(list(date = c("2/4/04", "1/21/04", "1/7/04", "12/3/03", 
"11/18/03", "10/28/03", "10/14/03", "9/23/03", "9/9/03", "8/12/03", 
"7/29/03", "7/15/03", "6/30/1/03", "6/17/03", "6/3/03", "5/20/03", 
"5/6/03", "4/22/03", "4/8/03", "3/25/03", "3/11/03", "2/25/03", 
"2/11/03", "1/29/03", "1/14/03", "12/17/02", "12/3/02", "11/19/02", 
"10/22/02", "10/8/02", "9/24/02", "9/8/02", "8/6/02", "7/23/02", 
"7/9/02", "6/18/02", "6/4/02", "5/14/02", "4/30/1/02", "4/16/02", 
"4/2/02", "3/12/02", "2/26/02", "2/12/02", "1/30/02", "1/9/02", 
"12/12/01", "11/28/01", "11/14/01", "10/31/01", "10/17/01", "10/3/01", 
"9/19/01", "8/22/01", "7/25/01", "7/11/01", "6/6/01", "5/9/01", 
"4/18/01", "3/28/01", "3/14/01", "2/21/01", "2/7/01", "1/24/01", 
"1/29/04", "1/12/04", "1/9/04", "1/2/04", "12/15/03", "12/11/03", 
"12/5/03", "11/14/03", "11/10/03", "11/3/03", "10/24/03", "10/10/03", 
"10/6/03", "9/19/03", "9/8/03", "8/25/03", "8/4/03", "7/25/03", 
"7/18/03", "7/7/03", "6/27/03", "6/12/03", "6/9/03", "5/30/1/03", 
"5/19/03", "5/5/03", "4/22/03", "4/14/03", "4/7/03", "4/5/03", 
"3/29/03", "3/24/03", "3/22/03", "3/14/03", "3/3/03", "2/24/03", 
"2/17/03", "2/7/03", "2/3/03", "1/31/03", "1/23/03", "1/20/03", 
"1/13/03", "1/10/03", "1/3/03", "12/19/02", "12/16/02", "12/9/02", 
"12/5/02", "11/22/02", "11/11/02", "11/8/02", "10/31/02", "10/21/02", 
"10/14/02", "10/3/02", "9/23/02", "9/20/02", "9/13/02", "9/5/02", 
"9/2/02", "8/19/02", "8/5/02", "7/29/02", "7/26/02", "7/22/02", 
"7/9/02", "6/28/02", "6/21/02", "6/17/02", "6/7/02", "6/3/02", 
"5/28/02", "5/20/02", "5/6/02", "4/29/02", "4/22/02", "4/8/02", 
"4/5/02", "3/22/02", "3/8/02", "3/4/02", "3/1/02", "2/8/02", 
"2/4/02", "1/25/02", "1/11/02", "1/7/02", "12/14/01", "12/6/01", 
"11/26/01", "11/8/01", "11/2/01", "10/19/01", "10/11/01", "10/5/01", 
"9/21/01", "9/14/01", "9/7/01", "8/24/01", "8/16/01", "8/10/01", 
"8/3/01", "7/19/01", "7/10/01", "6/28/01", "6/11/01", "6/8/01", 
"5/18/01", "5/10/01", "5/7/01", "4/20/01", "4/6/01", "3/26/01", 
"3/9/01", "3/5/01", "2/19/01", "2/9/01", "2/1/01", "2/5/04", 
"1/29/04", "1/22/04", "1/8/04", "12/18/03", "12/11/03", "11/6/03", 
"10/23/03", "10/9/03", "9/25/03", "9/18/03", "9/11/03", "8/21/03", 
"7/24/03", "7/10/03", "5/29/03", "5/1/03", "4/10/03", "3/27/03", 
"3/13/03", "2/6/03", "1/23/03", "1/16/03", "11/7/02", "10/24/02", 
"10/10/02", "9/26/02", "9/12/02", "8/28/02", "7/18/02", "7/11/02", 
"6/27/02", "5/16/02", "4/25/02", "3/21/02", "1/31/02", "12/13/01", 
"12/6/01", "11/29/01", "11/15/01", "11/8/01", "11/1/01", "10/25/01", 
"10/18/01", "10/11/01", "10/4/01", "9/27/01", "9/20/01", "9/13/01", 
"5/10/01", "5/3/01", "4/12/01", "3/15/01", "2/15/01", "2/8/01", 
"2/5/04", "1/14/04", "12/30/03", "11/18/03", "9/3/03", "7/16/03", 
"5/21/03", "3/27/03", "2/19/03", "2/6/03", "1/15/03", "12/17/02", 
"11/13/02", "10/23/02", "8/28/02", "7/10/02", "6/19/02", "5/22/02", 
"4/10/02", "3/13/02", "1/23/02", "12/19/01", "11/7/01", "10/12/01", 
"9/27/01", "9/13/01", "7/17/01", "5/23/01", "3/21/01", "2/7/01", 
"2/1/04", "1/26/04", "1/21/04", "1/16/04", "1/1/04", "12/16/03", 
"12/1/03", "11/16/03", "1/1/03", "10/7/03", "1/15/04", "12/15/03", 
"12/4/03", "11/3/03", "10/15/03", "9/22/03", "9/3/03", "8/16/03", 
"7/16/03", "6/6/03", "4/8/03", "3/24/03", "3/14/03", "3/5/03", 
"2/19/03", "2/6/03", "1/24/03", "1/4/03", "10/26/02", "9/25/02", 
"7/19/02", "7/12/02", "6/17/02", "6/7/02", "5/28/02", "4/19/02", 
"3/25/02", "3/1/02", "1/29/02", "1/21/02", "1/14/02", "1/7/02", 
"1/2/02", "12/17/01", "12/10/01", "12/3/01", "10/23/01", "9/14/01", 
"8/28/01", "7/26/01", "6/24/01", "4/23/01", "3/27/01", "2/27/01", 
"2/9/01"), approval = c(53, 53, 58, 52, 52, 53, 52, 50, 58, 57, 
59, 59, 60, 65, 66, 64, 65, 65, 71, 66, 60, 55, 57, 59, 63, 65, 
65, 68, 60, 66, 65, 66, 69, 69, 70, 73, 74, 77, 72, 76, 79, 80, 
77, 81, 81, 83, 86, 86, 88, 84, 84, 80, 81, 55, 59, 56, 59, 59, 
63, 57, 56, 61, 55, 46, 49, 53, 59, 60, 63, 56, 55, 50, 51, 54, 
53, 56, 55, 50, 52, 59, 60, 58, 59, 62, 61, 63, 62, 64, 66, 69, 
70, 71, 69, 70, 71, 69, 71, 58, 57, 57, 58, 61, 59, 61, 60, 58, 
61, 58, 63, 61, 63, 63, 64, 65, 66, 68, 63, 67, 62, 67, 68, 66, 
70, 66, 66, 65, 68, 71, 69, 69, 73, 76, 73, 74, 74, 70, 77, 76, 
76, 77, 77, 75, 76, 79, 80, 77, 81, 82, 82, 84, 83, 84, 86, 86, 
87, 87, 87, 88, 89, 87, 90, 86, 51, 55, 57, 57, 55, 56, 57, 52, 
55, 55, 56, 56, 53, 62, 59, 53, 58, 63, 62, 57, 57, 48, 49, 50, 
54, 54, 51, 52, 51, 51, 52, 51, 52, 53, 57, 55, 61, 65, 71, 68, 
53, 61, 55, 56, 60, 61, 61, 65, 70, 61, 65, 68, 70, 73, 71, 74, 
83, 81, 82, 85, 85, 85, 85, 85, 88, 88, 84, 86, 86, 82, 50, 57, 
57, 55, 56, 52, 54, 54, 54, 52, 52, 55, 63, 62, 54, 62, 53, 55, 
64, 61, 65, 70, 70, 72, 75, 75, 77, 82, 87, 89, 84, 78, 55, 52, 
55, 52, 56, 54, 64, 59, 60, 63, 59, 57, 55, 58, 49, 53, 49, 48, 
49, 50, 45, 52, 53, 58, 61, 57, 54, 54, 57, 62, 57, 63, 64, 63, 
63, 62, 69, 69, 70, 69, 74, 74, 74, 77, 79, 78, 80, 81, 82, 81, 
78, 82, 50, 47, 51, 52, 52, 53, 57), who = structure(c(1, 1, 
1, 1, 1, 1, 1, 1, 1, 1, 1, 1, 1, 1, 1, 1, 1, 1, 1, 1, 1, 1, 1, 
1, 1, 1, 1, 1, 1, 1, 1, 1, 1, 1, 1, 1, 1, 1, 1, 1, 1, 1, 1, 1, 
1, 1, 1, 1, 1, 1, 1, 1, 1, 1, 1, 1, 1, 1, 1, 1, 1, 1, 1, 1, 2, 
2, 2, 2, 2, 2, 2, 2, 2, 2, 2, 2, 2, 2, 2, 2, 2, 2, 2, 2, 2, 2, 
2, 2, 2, 2, 2, 2, 2, 2, 2, 2, 2, 2, 2, 2, 2, 2, 2, 2, 2, 2, 2, 
2, 2, 2, 2, 2, 2, 2, 2, 2, 2, 2, 2, 2, 2, 2, 2, 2, 2, 2, 2, 2, 
2, 2, 2, 2, 2, 2, 2, 2, 2, 2, 2, 2, 2, 2, 2, 2, 2, 2, 2, 2, 2, 
2, 2, 2, 2, 2, 2, 2, 2, 2, 2, 2, 2, 2, 2, 2, 2, 2, 2, 2, 2, 2, 
2, 2, 2, 2, 2, 2, 2, 2, 2, 2, 2, 2, 2, 3, 3, 3, 3, 3, 3, 3, 3, 
3, 3, 3, 3, 3, 3, 3, 3, 3, 3, 3, 3, 3, 3, 3, 3, 3, 3, 3, 3, 3, 
3, 3, 3, 3, 3, 3, 3, 3, 3, 3, 3, 3, 3, 3, 3, 3, 3, 3, 3, 3, 3, 
3, 3, 3, 3, 3, 4, 4, 4, 4, 4, 4, 4, 4, 4, 4, 4, 4, 4, 4, 4, 4, 
4, 4, 4, 4, 4, 4, 4, 4, 4, 4, 4, 4, 4, 4, 5, 5, 5, 5, 5, 5, 5, 
5, 5, 5, 6, 6, 6, 6, 6, 6, 6, 6, 6, 6, 6, 6, 6, 6, 6, 6, 6, 6, 
6, 6, 6, 6, 6, 6, 6, 6, 6, 6, 6, 6, 6, 6, 6, 6, 6, 6, 6, 6, 6, 
6, 6, 6, 6, 6, 6), .Label = c("fox", "gallup", "newsweek", "time.cnn", 
"upenn", "zogby"), class = "factor")), .Names = c("date", "approval", 
"who"),