"bycatch" <-
structure(list(no.albatross = c(0, 1, 2, 3, 4, 5, 6, 7, 8, 9, 
10, 11, 12, 13, 14, 15, 16, 17), no.hauls = c(807, 37, 27, 8, 
4, 4, 1, 3, 1, 0, 0, 2, 1, 1, 0, 0, 0, 1)), .Names = c("no.albatross", 
"no.hauls"), row.names = c("1", "2", "3", "4", "5", "6", "7", 
"8", "9", "10", "11", "12", "13", "14", "15", "16", "17", "18"
), class = "data.frame")
