ceo2013 <-
structure(list(X = 1:200, base_salary = c(1, 2006127, 3513461, 
3e+06, 1155269, 1387474, 2500000, 794423, 454862, 1550000, 3500000, 
1e+06, 970353, 1482692, 1400000, 2200000, 2e+06, 2567000, 1050000, 
3e+06, 2e+06, 2800761, 1750000, 1500000, 941552, 1800000, 767308, 
1235626, 0, 8100000, 1670833, 1e+06, 1e+06, 1550000, 1117778, 
1700000, 1550000, 1930000, 1550000, 2e+06, 1549212, 553846, 1189246, 
3300000, 5e+05, 1315731, 1500000, 1340000, 750000, 1380769, 1300000, 
2800000, 1180769, 1426924, 1900000, 1200000, 1924000, 1500000, 
1737500, 975000, 1287500, 1105769, 1150000, 1587500, 1555782, 
4e+06, 1562508, 1250000, 1e+06, 1080769, 1250000, 1530000, 1352400, 
1750000, 450000, 975000, 1301923, 1e+06, 1808333, 940000, 1258667, 
1e+06, 1750000, 1414421, 1e+06, 1974230, 1800000, 950000, 1453077, 
1623077, 657692, 1500120, 1, 1500000, 1e+06, 1494214, 3478846, 
1600000, 1400000, 1e+06, 1100000, 932615, 896154, 920000, 1050000, 
1700000, 1e+06, 1e+06, 1e+06, 1018077, 535385, 933333, 1300000, 
1270833, 1400000, 979167, 1263098, 1100000, 1262308, 1030038, 
1280000, 1033333, 1294231, 1204067, 2e+06, 977159, 790000, 1066667, 
1035841, 1750000, 1400000, 1e+06, 1432936, 682500, 1e+06, 1375000, 
831781, 1400000, 1e+06, 1450000, 1014615, 1226123, 1389833, 930935, 
1200000, 1e+06, 1600000, 652083, 1308750, 975000, 1753827, 1500000, 
1470000, 1391000, 1250000, 1049188, 780132, 1453846, 1500000, 
1250000, 1185000, 1235305, 1e+06, 1e+06, 1075000, 1295833, 893182, 
1190000, 1150000, 850000, 1181415, 954050, 556154, 1226250, 1440000, 
375000, 1450000, 1428055, 1049808, 9e+05, 1325000, 956001, 1197308, 
1049808, 1e+06, 1186828, 1591667, 1300000, 542656, 983333, 1441100, 
1179808, 1575000, 1277101, 1075000, 1e+06, 1100000, 1200000, 
1500000, 1700000), cash_bonus_past = c(13341994, 7244372, 27500000, 
4837719, 4e+06, 1638572, 15500000, 750000, 0, 2735569, 2e+07, 
2214100, 2688984, 2982000, 0, 4800000, 2e+06, 4368000, 3950000, 
0, 13500000, 5461484, 8820000, 1706906, 4197650, 9125000, 0, 
1850386, 0, 12500000, 4e+06, 1530000, 8491788, 4232000, 4750000, 
5653571, 6e+06, 8704300, 3787500, 5460000, 1523000, 0, 5507125, 
4e+06, 8125000, 2878305, 3455000, 2872416, 5e+06, 2652000, 1690000, 
3100000, 2244000, 4309576, 4200000, 6463500, 4899158, 4500000, 
3500000, 2925000, 0, 0, 2475000, 3600000, 3900000, 11062500, 
4934935, 4e+06, 4308750, 0, 7210938, 7182000, 6041500, 4750000, 
0, 1951000, 1813020, 2e+06, 1498114, 1443000, 0, 4650000, 6372980, 
3e+06, 2140869, 5143500, 23300000, 8025000, 2900184, 4220340, 
0, 4027500, 0, 0, 1750000, 2788500, 0, 2632000, 6398054, 4500000, 
2252800, 1844063, 0, 0, 2625000, 0, 9981440, 0, 1e+06, 2754884, 
0, 0, 4940000, 2085500, 0, 0, 375000, 2850000, 0, 1300000, 3200000, 
6751400, 2700000, 2516313, 3e+06, 2e+06, 3750000, 0, 2778118, 
3801000, 21821400, 2608000, 3070769, 0, 1552580, 513125, 0, 2300600, 
0, 4541400, 9323125, 0, 2509000, 2923997, 4734285, 2373901, 2500000, 
1062900, 3520517, 1852500, 2556981, 3733425, 7540000, 2500000, 
0, 0, 2650000, 0, 3630875, 1475401, 1494732, 3494568, 2204000, 
2750000, 3214250, 2675000, 1198980, 3567315, 0, 1462500, 2e+06, 
0, 0, 3718000, 1505000, 0, 2310627, 2716105, 0, 2004779, 3100000, 
1720800, 2323076, 3799445, 1402800, 3476250, 5105100, 2500000, 
821833, 2229300, 3639949, 2129000, 2655200, 1934919, 4187231, 
3019500, 1815000, 5673594, 3096563, 0), option_awards = c(90693400, 
0, 16329994, 15843215, 13206378, 11824290, 7750008, 0, 0, 3648150, 
5999996, 26630306, 2e+06, 6897848, 0, 18994847, 2159907, 0, 12074350, 
0, 2960569, 4833900, 0, 0, 0, 3600079, 7866702, 3091549, 4375009, 
0, 9807000, 18864075, 0, 2489702, 7888608, 7029000, 6854958, 
3763497, 0, 7499999, 0, 7143999, 0, 0, 0, 0, 5248573, 0, 0, 15742500, 
7007520, 0, 15742500, 654630, 2057000, 1963200, 2681763, 5e+06, 
6497597, 0, 3750001, 5694735, 0, 6169484, 12000106, 0, 10780000, 
0, 3102450, 0, 5164373, 2602894, 3059041, 3028080, 0, 0, 0, 0, 
4840080, 0, 1281873, 4375002, 6850780, 0, 1310657, 3825579, 9289000, 
3204000, 3922648, 0, 9200004, 0, 6414249, 0, 0, 5433431, 5749992, 
4404706, 3668434, 3000516, 3850000, 0, 2135000, 0, 0, 10879440, 
0, 0, 6722193, 0, 3374074, 0, 0, 0, 0, 3206663, 5371684, 6844930, 
0, 0, 2533602, 2249999, 0, 5384000, 0, 0, 0, 3760313, 3950347, 
3125033, 5509365, 0, 4121618, 2679071, 0, 4124999, 0, 0, 2389266, 
5625960, 3002121, 3200000, 2833336, 0, 1236000, 1873958, 0, 2000054, 
0, 1608698, 5153190, 1013213, 4165640, 0, 3000014, 0, 0, 0, 4082738, 
1353105, 3740675, 1500000, 5051163, 0, 0, 2662239, 0, 4130694, 
2545760, 1340631, 0, 720695, 0, 0, 1520013, 0, 0, 6322853, 2498113, 
4076846, 0, 2039499, 1668623, 0, 3057000, 0, 3099994, 2775003, 
0, 3749847, 0, 0, 2500000, 2861043, 2069453, 1976400, 4000017, 
1214695, 3799998, 0), cash_bonus = c(3918663, 6954291, 27500000, 
5329750, 2100000, 3358320, 16520000, 1200000, 1120000, 6205960, 
11500000, 2300000, 2844346, 2308500, 8486000, 4643281, 4e+06, 
4587000, 5200000, 22800000, 13600000, 9032455, 7500000, 4500000, 
23357137, 13208000, 2525000, 1591956, 2187500, 10425000, 3480000, 
1302000, 9724393, 2116000, 4525000, 4685637, 6e+06, 10819580, 
6060000, 3950000, 1545000, 1e+06, 3402775, 16580250, 8600000, 
4373180, 2880000, 1005796, 5e+06, 2404864, 1645000, 4e+06, 2061312, 
6050370, 4700000, 5234500, 4970885, 0, 3400000, 2925000, 6373092, 
2248890, 2587500, 3600000, 4e+06, 1.2e+07, 5049988, 4e+06, 6772500, 
1227600, 6617188, 6400000, 6274944, 4e+06, 1495413, 750, 1847813, 
3e+06, 1368640, 1833000, 2476200, 5e+06, 3727500, 3400000, 1467360, 
5346000, 4800000, 7546000, 4279260, 3844864, 669060, 4117500, 
1686915, 3915000, 2e+06, 3375000, 0, 2432000, 6290097, 6500000, 
6164730, 2312400, 2750000, 2318000, 1837500, 2295000, 8487076, 
6300000, 3e+06, 2823392, 5300000, 3e+06, 5300000, 3905831, 3150000, 
8581144, 6575215, 2800000, 3316000, 1892800, 4e+06, 9304867, 
3785600, 4140720, 5700000, 892800, 3375000, 4200000, 2748581, 
4522000, 5807550, 1100000, 5e+06, 1865000, 5584190, 3100000, 
2501025, 1225600, 3045938, 4584320, 2592000, 3442500, 1915000, 
1494652, 6706170, 3949636, 3300000, 2749926, 4211096, 1647750, 
2502006, 3735000, 4128000, 1784500, 3250000, 7307576, 2650000, 
0, 3672750, 1748988, 1664996, 3458855, 3250000, 1675000, 2769200, 
1150052, 1339772, 2365234, 2592330, 2e+06, 2895360, 1640200, 
1164770, 3375000, 2484000, 3953376, 3045000, 385575, 1339000, 
5271500, 2748100, 1434000, 6265910, 3060000, 1187000, 4774052, 
1907200, 2500000, 306000, 2450000, 5072672, 2654000, 4000600, 
1809652, 3104600, 3480000, 2035000, 5002457, 2500000, 0), sic_code = c(7372L, 
7372L, 4833L, 4841L, 4813L, 8062L, 4841L, 7372L, 7373L, 3021L, 
4841L, 2834L, 7389L, 5810L, 1311L, 7900L, 6199L, 2911L, 8090L, 
6798L, 4841L, 4841L, 2111L, 5651L, 5812L, 3760L, 3569L, 5331L, 
6022L, 4841L, 2911L, 7372L, 6331L, 2000L, 3823L, 3724L, 2080L, 
3721L, 4813L, 3711L, 1311L, 3674L, 3663L, 3600L, 6211L, 5331L, 
5331L, 4911L, 6282L, 5812L, 2834L, 6021L, 5812L, 5651L, 2834L, 
3674L, 5621L, 6021L, 2834L, 6331L, 5912L, 1311L, 3823L, 3730L, 
4899L, 7011L, 3531L, 6798L, 3572L, 5651L, 4841L, 1389L, 3523L, 
1311L, 3714L, 1311L, 5331L, 3312L, 2821L, 1311L, 2911L, 6411L, 
4841L, 3812L, 3572L, 3714L, 3714L, 6282L, 3841L, 2834L, 3561L, 
3812L, 3570L, 3570L, 6798L, 2836L, 5700L, 2840L, 6311L, 6331L, 
6331L, 3674L, 4922L, 2911L, 5700L, 1389L, 7311L, 6798L, 4700L, 
1221L, 3812L, 2911L, 6324L, 3537L, 4813L, 5812L, 4513L, 2834L, 
2836L, 3829L, 2851L, 3011L, 2836L, 2844L, 6211L, 6324L, 6282L, 
6311L, 3674L, 2844L, 1311L, 6022L, 2870L, 8071L, 1520L, 3630L, 
2844L, 1311L, 6022L, 5812L, 6324L, 5912L, 2820L, 3674L, 5621L, 
7389L, 2080L, 4512L, 7510L, 7372L, 7011L, 2911L, 2531L, 2621L, 
2911L, 6021L, 6282L, 5331L, 3100L, 4841L, 5211L, 7011L, 7374L, 
6200L, 3411L, 5912L, 7372L, 2810L, 3942L, 6798L, 2531L, 4911L, 
3674L, 3714L, 3350L, 3576L, 7320L, 8062L, 5651L, 3530L, 6331L, 
1311L, 3357L, 5734L, 3720L, 3651L, 5311L, 3663L, 7372L, 7389L, 
6321L, 2911L, 2800L, 5122L, 6311L, 6798L, 6798L, 4813L, 2834L, 
3711L),