"cfb" <-
structure(list(WGT = c(5749.9745612, 5870.6340128, 8043.6949635, 
6092.8720155, 7161.7566426, 11429.63349, 5988.0416503, 7111.7750629, 
7602.8630882, 9917.0148024, 7263.7921027, 7039.9174156, 6523.7931684, 
6490.4551436, 8265.3192249, 1616.6743013, 6805.1026514, 6865.3880206, 
7731.3206383, 5693.9060566, 6660.155708, 6764.6423987, 5591.7642397, 
5812.9110483, 1022.1028659, 8909.1588497, 4336.528122, 8691.5554966, 
7620.1134738, 7683.5398342, 10144.66723, 7328.9577092, 7069.5582728, 
10911.342651, 6415.1554206, 5263.6488343, 5360.7265592, 5696.8902432, 
8417.3120683, 6373.691711, 5114.4059658, 5454.0787103, 5454.0787103, 
5696.2367325, 5361.2218104, 6327.287241, 7173.3284268, 6188.2375194, 
5788.8377585, 7998.0705317, 6501.270854, 7956.8926651, 6604.7904946, 
4522.0593265, 9185.1147321, 7173.3284268, 1688.0257387, 6793.3806993, 
5859.0520814, 10373.153135, 7691.5050662, 5976.9863355, 6655.6237848, 
243.63501629, 6677.0208252, 9636.8011067, 5198.341441, 5933.3748403, 
7944.1473962, 7421.8015669, 7485.5250091, 9527.8477004, 6341.0975322, 
4293.7517034, 7427.1702597, 10164.968737, 5551.9819553, 5837.2791717, 
6220.5889817, 6270.0639059, 11386.752961, 7029.1678929, 8067.4671945, 
5111.3136335, 7216.5317721, 5516.1521948, 3597.7161469, 2751.661503, 
3036.6356992, 4689.7790073, 6313.4185146, 6018.8547392, 8340.9655511, 
10483.66851, 7596.6439491, 6468.5209548, 6937.5422687, 5875.4598504, 
8034.5601746, 6698.1550276, 7485.8803396, 6623.7739054, 7673.480689, 
5375.451587, 5532.8459779, 4448.8960805, 4733.4575372, 6010.712007, 
4583.3587301, 5070.4577342, 8154.7751783, 10038.826299, 8502.3050549, 
8298.7767975, 4456.3078696, 8349.2691021, 6641.8552293, 7956.8926651, 
4405.0394832, 8152.5723517, 3934.7121228, 7423.0858126, 7098.8499113, 
5871.1831527, 6313.4185146, 9078.7938006, 5659.8661322, 7244.9139067, 
6726.9282511, 6434.5102098, 1158.4185124, 5731.2341063, 6833.6584367, 
7537.6703491, 7190.2136036, 9388.0983505, 3133.2430375, 2146.5932247, 
4599.0191272, 7560.2604401, 6655.2298714, 6664.1853197, 4538.6282183, 
7123.2132433, 4921.4820112, 10857.691451, 6688.8348639, 4689.7790073, 
7233.3449961, 7819.0560672, 7581.8314267, 4405.0394832, 10431.846514, 
6578.5191288, 3597.7161469, 5711.2391742, 8780.1579845, 5797.9275382, 
11386.752961, 4792.5121997, 5532.8459779, 7486.2703994, 6746.536873, 
6655.8875408, 3253.9699381, 9939.8328637, 8301.2130917, 6388.3726008, 
7700.3724397, 8045.5847125, 7192.3658701, 9078.7938006, 6611.1225603, 
6235.1707436, 3265.4867906, 5644.9879559, 5154.0602794, 1173.935431, 
4897.5131145, 7487.6105415, 8742.7098542, 2133.9749578, 5446.1082541, 
10109.21361, 7726.8088454, 6899.7142764, 5134.3239615, 5540.6097489, 
5988.3061941, 5303.8925631, 5803.8740554, 6313.97742, 7666.5599539, 
1503.1836353, 6478.4991102, 4686.207602, 3330.3623243, 4823.137638, 
5808.7162505, 10597.798361, 6133.1492639, 6661.3143642, 5303.8925631, 
8410.7240213, 11097.53422, 4681.8402544, 9929.1221844, 10246.947402, 
7456.1502522, 5929.3157697, 9338.9336713, 5872.4153198, 5671.0346753, 
6136.6248255, 2797.2649086, 7022.5453795, 7029.1678929, 6385.0040332, 
5019.3357005, 9419.1195706, 10038.826299, 7630.0979163, 6746.536873, 
6316.2725706, 8765.8772167, 837.30981495, 11386.752961, 1101.0772011, 
5386.462245, 5073.3725775, 5169.3498256, 5134.4672073, 1725.2995248, 
5496.3173362, 6354.0137228, 7333.3379667, 6355.6933453, 5483.6654369, 
7143.7854765, 7770.1209633, 6239.690628, 7426.1415301, 10038.826299, 
6382.7942733, 7659.5207074, 7620.1134738, 5120.7297949, 9604.9903177, 
7998.0705317, 8130.4051509, 6105.5578607, 5025.3417196, 8149.6942401, 
6880.3630344, 7719.5388359, 9916.6979766, 7335.8692173, 8288.441228, 
5133.1926532, 7898.4771145, 9507.0043479, 4372.7256302, 5950.2488157, 
6509.0381593, 8250.074878, 5284.046558, 4660.6241594, 6220.5889817, 
6225.742202, 6440.1730088, 236.79433876, 10483.66851, 8641.025818, 
4920.1955258, 7902.0619588, 6661.6100685, 7291.4425144, 6611.1225603, 
5169.3498256, 7640.4959186, 6105.5578607, 6487.3485408, 8414.4991634, 
8472.5535674, 6208.4333566, 6467.8823651, 7630.0979163, 5992.9396406, 
6832.8261494, 9210.3634997, 7091.0392534, 7339.2601624, 7434.1714582, 
9240.9039887, 8507.0410183, 7534.6362609, 5651.0074404, 5711.5574545, 
6143.5716567, 7444.5160793, 6984.1467461, 6003.7896494, 9197.4307316, 
6659.732174, 5664.1469055, 3237.7454905, 11386.752961, 2812.2327165, 
6746.536873, 7486.246881, 8180.4213231, 7270.1531468, 7485.1323865, 
6984.712351, 6503.6143318, 9494.7847438, 11253.990404, 7786.5650106, 
7168.1489212, 5079.5219364, 5689.9210027, 7393.9024167, 6332.1609498, 
11386.752961, 10431.846514, 6767.4427939, 7132.4825599, 7344.0563426, 
8473.5305218, 6373.691711, 1720.8496674, 6501.270854, 8463.5537332, 
4181.7755899, 4692.9691006, 5651.0074404, 7292.5295041, 10121.858217, 
6078.508739, 6777.8412204, 8069.929106, 1099.8573125, 11386.752961, 
8220.9304216, 307.38223852, 6657.7220286, 6273.6366188, 4792.561442, 
8909.1588497, 9471.2816414, 3394.2432441, 5870.6340128, 8618.8325084, 
7407.0568959, 5619.8455048, 8016.8138726, 8390.7838184, 7544.4667598, 
11291.181493, 6938.156353, 5128.3639063, 9377.8583512, 6633.8745169, 
5988.0416503, 5867.5632099, 4344.4524704, 4390.4068354, 7345.0839654, 
10038.826299, 6071.8607758, 6325.1681468, 7418.4264656, 7390.7141863, 
7513.2425649, 8886.6097224, 8155.4621688, 4603.5133284, 5933.3748403, 
7560.2604401, 6330.8427089, 4384.6391641, 3276.5295281, 1832.446115, 
4989.6261136, 9005.8034451, 9493.2555436, 6750.166948, 6212.7090471, 
4017.0656267, 5195.9142888, 5668.8620276, 10178.691488, 6746.536873, 
7172.7607463, 5155.4647812, 6574.6564544, 8867.1917485, 10164.968737, 
6836.0440912, 8696.1124431, 5686.0634809, 7936.4546553, 11794.40725, 
9521.920047, 6836.3887798, 8124.9061641, 6704.2828116, 7803.2246699, 
4850.2391951, 6984.712351, 8641.025818, 6750.166948, 7709.7568629, 
6525.0951878, 5976.1949667, 5711.2391742, 6131.7346767, 10246.947402, 
5845.6749205, 6563.5800848, 5196.589306, 6599.9745578, 3907.1193382, 
7247.0972913, 6578.6259012, 5851.6456037, 4733.7759037, 3036.6356992, 
11291.181493, 6093.4654258, 3597.7161469, 7270.8123579, 6212.7090471, 
7779.0121155, 5222.0283532, 4372.7256302, 5487.6011202, 4457.1984806, 
9293.5924541, 4911.3896502, 6764.6423987, 5259.2512427, 5335.8581173, 
6237.3653787, 7445.0777625, 7519.7319605, 7735.4995912, 5575.5339974, 
5696.2367325, 5933.3748403, 9269.3339333, 5960.057893, 2814.9047194, 
7029.1678929, 7842.3749025, 7333.3379667, 3960.9947972, 9441.6518145, 
4444.7729993, 7938.8327531, 7597.5727563, 5620.7654528, 8359.0938774, 
6452.8206649, 6316.2725706, 5316.4354011, 9418.0636919, 7333.3379667, 
11386.752961, 4336.528122, 2913.2891241, 6185.1675709, 8582.8214329, 
7369.816718, 5634.0684234, 9383.2642086, 3005.5194508, 6976.6009233, 
9143.1549619, 7144.1291756, 5315.0495342, 6391.5127853, 8251.3463481, 
4867.2383265, 4832.6968215, 7786.5650106, 5711.2391742, 5809.2267572, 
5990.8378177, 5111.3136335, 6421.3631863, 5634.0684234, 5463.0803806, 
5689.9210027, 2708.6805496, 10609.357009, 6777.0313367, 6021.0393812, 
6106.0775847, 7640.0210007, 5952.7512604, 8253.7779286, 9276.8733215, 
7102.5440765, 7448.2342224, 8104.8326835, 8951.3783811, 4214.2722335, 
1258.07674, 7031.0802033, 5165.9871601, 6657.7220286, 6038.9239627, 
6046.9947031, 3727.8708913, 2617.2981816, 1782.7151952, 8332.8959784, 
6829.6252492, 3570.0930194, 9220.5449806, 3787.5753799, 5948.8229127, 
8155.4621688, 5491.3647764, 7143.7854765, 3800.5231324, 9295.7487472, 
6275.931791, 8483.7783973, 4841.295688, 673.06475624, 8567.4103409, 
7758.8189372, 3597.7161469, 7022.5453795, 4662.1601474, 10109.21361, 
5516.1131353, 10556.256706, 8454.0718773, 3639.7241981, 6367.9364327, 
6936.3230413, 5576.2209015, 7529.2121577, 5978.389494, 8554.5639113, 
4867.2383265, 6168.6436205, 6648.1001241, 5929.3157697, 8138.5659472, 
5496.9281872, 9117.2509365, 9942.5214787, 7973.0718198, 5336.4730092, 
5478.6751281, 5586.160638, 7409.4580819, 6187.689479, 5215.7506554, 
