"co2emiss" <-
structure(c(-30.46685902, -30.36225259, -30.32479961, -29.77594623, 
-29.59183078, -29.16711557, -28.95722016, -29.03125789, -29.10604979, 
-29.62259377, -29.90806709, -30.3950176, -30.87117693, -30.62065506, 
-30.29451363, -29.73119267, -28.96169634, -28.91461247, -28.75917604, 
-28.77284365, -28.96760913, -29.3984346, -29.91167219, -30.06518236, 
-30.95603583, -30.71505476, -30.21204912, -29.92650969, -29.25063758, 
-28.71282149, -28.40704716, -28.38702237, -28.51060243, -28.73286902, 
-29.14618114, -29.48173803, -30.64910118, -30.52292783, -30.06434764, 
-29.87776657, -29.27038572, -28.74029979, -28.58041326, -28.47535695, 
-28.62667979, -28.78188356, -29.27239733, -29.84309108, -30.26681454, 
-30.78816876, -29.94016408, -29.50587447, -28.71769544, -28.54152737, 
-28.44708098, -28.4264227, -28.49265471, -28.69844553, -29.12879001, 
-29.88570442, -30.33938057, -30.28163183, -29.86286762, -29.31438705, 
-28.79438222, -28.35894267, -28.11405488, -28.15121169, -28.21246248, 
-28.38170427, -28.9426442, -29.54314012, -30.31588927, -30.36116746, 
-29.93835054, -29.40103192, -28.72843799, -28.37114576, -28.14471633, 
-28.26069121, -28.335906, -28.72539396, -29.2353569, -29.64679737, 
-30.18341244, -30.18207021, -29.86698881, -29.37484094, -28.97793201, 
-28.4641834, -28.31831833, -28.31222661, -28.39776158, -28.64381331, 
-29.13070292, -29.51279462, -29.98415102, -30.15226713, -29.90826017, 
-29.56620166, -29.00930728, -28.54866359, -28.48697602, -28.42154522, 
-28.58320065, -28.87703457, -29.35189491, -29.89556631, -30.18970347, 
-30.04115214, -29.75452774, -29.55385564, -29.02761288, -28.67465192, 
-28.49763014, -28.46576367, -28.66415537, -28.90806863, -29.35940449, 
-29.87483897, -30.36452626, -30.28779741, -29.97110521, -29.59433152, 
-28.96881194, -28.55530141, -28.56088525, -28.52413775, -28.66115485, 
-29.04319315, -29.58011496, -29.85113348, -30.347837, -30.35144779, 
-29.97761624, -29.72550972, -29.13437181, -28.74581524, -28.56389225, 
-28.54912132, -28.65988961, -28.89818511, -29.57551959, -30.05320778, 
-30.47934, -30.4911383, -30.17541505, -29.68244721, -28.8780573, 
-28.67832725, -28.52697237, -28.57929236, -28.65813176, -29.10260508, 
-29.60659155, -29.97876063, -30.59236205, -30.65768891, -30.14861876, 
-29.61662636, -29.04350534, -28.77875899, -28.68872168, -28.72212144, 
-28.89865956, -29.12354011, -29.72190393, -30.080478, -30.62268858, 
-30.58620159, -30.30282427, -29.977902, -29.41810361, -28.88925445, 
-28.8834831, -28.84428634, -28.90851103, -29.12574782, -29.86147239, 
-30.32220059, -30.64017811, -30.54810269, -30.2865485, -29.91117728, 
-29.26926105, -28.91967834, -28.69788752, -28.71280267, -28.87803202, 
-29.00702962, -29.69129083, -30.15226006, -30.45800018, -30.56838412, 
-30.18480662, -29.7525049, -29.27183508, -28.90412324, -28.78334872, 
-28.82717789, -28.84866285, -28.9472596, -29.70783193, -30.13724863, 
-30.42348815, -30.37700396, -30.14166866, -29.56036295, -29.03558443, 
-28.82217902, -28.82201097, -28.84772383, -28.87018255, -28.93577863, 
-29.53131324, -29.94786194, -30.51730797, -30.32073035, -30.1235093, 
-29.6487909, -29.02097207, -28.71697726, -28.66755534, -28.78322001, 
-28.82567628, -29.05347695, -29.42188434, -29.93202504, -30.38634677, 
-30.35267307, -29.87548894, -29.65420833, -29.13746288, -28.7811324, 
-28.70160627, -28.80932602, -28.74254785, -28.8961107, -29.57680651, 
-30.27820955, -30.34775253, -30.30012678, -29.97801751, -29.51868237, 
-28.84250598, -28.62979881, -28.68576343, -28.76235448, -28.83047997, 
-29.10328722, -29.30239625, -29.81799998, -30.28775426, -30.34721208, 
-30.09205644, -29.63413912, -29.01188415, -28.86198033, -28.91365133, 
-28.88212184, -28.78312571, -28.96975887, -29.47218014, -29.97330018, 
-30.30580476, -30.42378892, -29.85595092, -29.30033136, -28.80278247, 
-28.39327093, -28.57828775, -28.5974811, -28.46086511, -28.74269439, 
-29.1185171, -29.67357613), .Tsp = c(1981, 2003.91666666667, 
12), class = "ts")
