"coldvermont" <-
structure(c(-11, -10, -14, -24, -24, -15, 3, -8, -14, -9, -12, 
-22, -22, -19, -10, -4, 5, -14, -5, 17, -10, -10, 14, 16, -7, 
-5, 22, 18, 11, 1, -15, -10, -5, 14, 0, 2, -1, 8, 12, 19, -4, 
-1, 13, 0, 5, 12, 18, 19, 32, 27, 32, 44, 40, 34, 33, 32, 32, 
29, 17, NA, 20, 29, 21, 6, 7, 15, 26, 33, 30, 28, 29, 11, 19, 
20, 17, 29, 10, 12, 6, 15, 19, 28, 16, 20, 28, 18, 26, 18, 31, 
38, 44, 39, 41, 25, 37, 48, 35, 33, 25, 35, 31, 33, 33, 19, 29, 
24, 18, 28, 39, 30, 29, 22, 20, 22, 35, 40, 33, 30, 34, 42, 45, 
42, 44, 28, 30, 48, 41, 30, 26, 30, 32, 48, 55, 43, 35, 42, 46, 
41, 25, 27, 30, 33, 40, 38, 33, 44, 55, 53, 58, 56, 59, 61, 39, 
39, 45, 57, 53, 53, 52, 36, 46, 44, 46, 47, 52, 53, 58, 59, 64, 
46, 49, 61, 62, 55, 56, 38, 51, 53, 43, 42, 42, 48, 55, 62, 66, 
62, 63, 64, 61, 57, 65, 60, 54, 53, 63, 58, 48, 46, 52, 52, 57, 
59, 64, 57, 43, 42, 47, 52, 60, 48, 57, 59, 43, 44, 54, 55, 58, 
61, 62, 48, 53, 56, 61, 56, 58, 52, 42, 49, 54, 49, 40, 41, 47, 
49, 50, 50, 49, 54, 46, 44, 48, 48, 52, 60, 57, 56, 57, 55, 52, 
52, 53, 56, 50, 34, 41, 48, 45, 48, 50, 48, 47, 52, 50, 44, 35, 
37, 46, 46, 45, 39, 44, 44, 33, 28, 28, 33, 39, 38, 38, 35, 38, 
38, 37, 30, 21, 20, 20, 21, 23, 28, 27, 25, 28, 27, 30, 34, 38, 
30, 17, 23, 42, 48, 26, 26, 20, 27, 30, 32, 26, 20, 26, 31, 19, 
26, 17, 19, 25, 14, 17, 24, 34, 46, 43, 37, 35, 34, 31, 26, 11, 
13, 25, 25, 33, 27, 24, 13, 16, 31, 24, 19, 21, 22, 9, 17, 20, 
21, 24, 6, 9, 11, 26, 12, 15, 5, -8, -15, -15, 12, 23, 27, 11, 
12, 18, 22, -2, 6, 16, -8, 1, 23, 0, 2, 0, -1, -4, -14, -22, 
-20, -11, 8, -16, -8, -23, -26, -25, -8, -25, -22, -5, -2, -24, 
-27, -27, -7, 6, 5, 19, -6, -7, 32, 3, 3, 2, 11, 12, 15, -12, 
-9, -3, -2, -5, 8, 9, 0, 2, 20, 28, 23, 10, 6, -3, -2, 6, -2, 
NA, -12, -9, -3, -15, -6, 9, 17, 22, -1, -1, 6, 31, 31, 26, 23, 
9, 18, 13, 25, 23, 21, 26, 24, 15, 25, 32, 17, 8, 11, 18, 28, 
36, 24, 19, 29, 9, 15, 10, 11, 11, 19, 20, 31, 24, 34, 22, 24, 
32, 41, 25, 29, 44, 29, 20, 43, 31, 38, 43, 36, 24, 27, 33, 30, 
29, 34, 27, 32, 43, 45, 55, 48, 34, 36, 40, 35, 34, 39, 42, 35, 
45, 52, 46, 34, 45, 41, 42, 43, 44, 46, 56, 55, 58, 60, 59, 40, 
45, 48, 51, 50, 47, 47, 40, 43, 48, 48, 45, 46, 51, 57, 48, 51, 
55, 42, 45, 50, 43, 45, 53, 43, 54, 58, 55, 44, 40, 47, 39, 39, 
45, 53, 71, 55, 52, 51, 61, 51, 52, 51, 62, 59, 66, 66, 66, 44, 
47, 53, 43, 49, 62, 48, 58, 56, 45, 52, 57, 53, 56, 56, 59, 56, 
50, 54, 60, 60, 53, 44, 53, 50, 48, 40, 54, 46, 43, 52, 40, 34, 
41, 52, 53, 48, 50, 40, 31, 34, 38, 54, 53, 57, 51, 36, 43, 41, 
40, 39, 41, 47, 48, 50, 52, 55, 55, 46, 39, 34, 34, 35, 49, 49, 
42, 45, 45, 47, 49, 51, 46, 46, 45, 32, 35, 31, 34, 37, 41, 47, 
38, 26, 26, 38, 42, 39, 37, 35, 22, 23, 25, 28, 37, 17, 19, 15, 
15, 21, 21, 22, 33, 34, 43, 49, 45, 50, 50, 29, 33, 27, 33, 24, 
15, 22, 39, 18, 21, 14, 16, 15, 16, 19, 34, 41, 44, 46, 16, 25, 
14, 0, 7, 31, 36, 28, 32, 40, 27, 32, 30, 21, 20, -11, -10, 9, 
-11, -11, -1, 24, 17, 0, 2, 16, 23, 8, 7, 13, 30, 30, 15, 15, 
32, 26, 10, 26, 17, -5, -5, 5, 24, 29, 0, 0, 15, 25, 11, -1, 
0, 18, 12, -1, -21, -22, -20, -10, 10, 16, 30, 18, 2, -6, -5, 
3, 11, 27, 12, 17, 31, 6, -2, -1, 17, 10, -18, -26, -21, -15, 
-11, -5, 10, 15, 28, 3, 2, 5, 15, 18, 23, 15, 17, 0, 5, NA, 19, 
27, 32, 20, 13, 13, 19, 27, 28, 29, 30, 31, 30, 18, 21, 28, 25, 
30, 32, 34, 27, 30, 18, 9, 7, 8, 13, 19, 30, 14, 8, 22, 23, 26, 
30, 31, 32, 24, 34, 25, 31, 31, 31, 26, 24, 35, 35, 30, 28, 21, 
30, 28, 29, 22, 38, 39, 40, 30, 33, 40, 47, 47, 51, 52, 55, 30, 
37, 34, 43, 36, 32, 32, 30, 42, 42, 46, 41, 27, 22, 27, 42, 45, 
41, 51, 47, 41, 42, 44, 42, 37, 40, 51, 39, 40, 40, 47, 47, 47, 
49, 43, 30, 34, 41, 45, 53, 56, 59, 58, 58, 61, 57, 48, 49, 50, 
52, 59, 47, 39, 50, 56, 43, 40, 50, 60, 57, 62, 63, 57, 51, 42, 
54, 38, 41, 48, 57, 49, 56, 57, 50, 53, 52, 55, 45, 55, 46, 52, 
53, 47, 44, 49, 61, 66, 53, 63, 54, 53, 56, 60, 64, 62, 51, 59, 
41, 52, 52, 44, 41, 42, 47, 50, 57, 60, 62, 55, 43, 48, 42, 43, 
50, 56, 59, 59, 59, 61, 52, 48, 48, 54, 51, 60, 61, 45, 43, 52, 
61, 46, 43, 32, 29, 37, 43, 48, 48, 54, 53, 50, 35, 32, 31, 34, 
35, 33, 31, 35, 38, 50, 50, 50, 53, 50, 39, 29, 39, 26, 28, 32, 
53, 56, 38, 33, 30, 33, 29, 20, 17, 15, 16, 25, 28, 21, 24, 24, 
31, 21, 17, 20, 21, 27, 37, 35, 37, 36, 21, 25, 34, 35, 33, 18, 
11, 12, 25, 32, 26, 13, 17, 30, 30, 32, 30, 37, 30, 25, 24, 27, 
33, 28, 27, 23, 10, 15, 26, 30, 15, 2, 6, 8, 9, 19, 32, 32, 26, 
27, 17, 20, -7, -12, -11, 15, 10, -13, -12, -7, 0, 5, 2, -8, 
2, 8, 12, 26, 31, 30, -3, -2, 12, 5, -19, -18, -7, 12, -20, -20, 
-8, -2, -11, -11, -28, -27, 0, 20, 19, 11, 12, -3, 2, 13, -12, 
-16, -15, 19, 26, 28, 12, -6, -4, -8, 0, 22, 22, 25, 33, 33, 
28, 34, 30, 31, 24, 19, 22, 26, 28, 26, 12, 15, 4, 2, 6, 10, 
3, 9, 9, -10, 2, -13, -1, -6, -2, 6, 8, 9, 20, 22, 24, 32, 34, 
33, 34, 20, 15, 13, 14, 16, 25, 27, 25, 18, 20, 25, 22, 29, 37, 
36, 33, 24, 25, 30, 29, 25, 38, 36, 36, 36, 34, 39, 42, 36, 20, 
27, 31, 41, 38, 27, 37, 43, 39, 45, 39, 22, 35, 37, 28, 30, 37, 
45, 38, 30, 50, 30, 40, 28, 32, 26, 27, 33, 43, 48, 40, 56, 45, 
44, 52, 47, 40, 46, 47, 45, 37, 50, 36, 47, 43, 49, 61, 59, 62, 
58, 60, 47, 49, 60, 47, 34, 45, 48, 52, 52, 39, 47, 38, 52, 52, 
47, 42, 58, 58, 59, 57, 52, 57, 56, 61, 60, 63, 48, 48, 52, 53, 
58, 54, 53, 58, 64, 53, 54, 52, 47, 52, 56, 54, 58, 47, 42, 53, 
52, 48, 48, 51, 58, 62, 59, 56, 56, 58, 60, 60, 63, 67, 67, 65, 
66, 63, 67, 57, 54, 42, 45, 50, 36, 46, 51, 50, 46, 43, 44, 47, 
52, 61, 59, 44, 41, 49, 48, 44, 35, 29, 33, 37, 41, 42, 44, 43, 
47, 45, 30, 36, 31, 34, 38, 38, 31, 39, 42, 53, 57, 26, 30, 35, 
30, 32, 38, 29, 31, 34, 16, 20, 22, 37, 48, 38, 38, 37, 37, 26, 
26, 30, 33, 32, 35, 32, 38, 47, 40, 27, 28, 40, 41, 51, 25, 29, 
20, 26, 19, 15, 18, 32, 29, 13, 17, 29, 40, 46, 32, 26, 16, 20, 
31, 15, 20, 14, 20, 24, 17, 22, 21, 19, 18, 19, 23, 35, 29, 31, 
15, 16, 13, 15, 16, -1, 14, 14, 17, 32, 32, 23, 22, 25, 28, 22, 
24, 26, 8, 8, 27, 5, 5, 7, -5, 0, 4, 33, 14, 13, 28, 12, 2, 2, 
7, 11, 11, -5, -6, -7, -1, -2, -2, 14, -8, -5, 0, 0, 8, -1, 0, 
5, 21, 7, 9, -1, 0, 6, -8, -8, -7, 20, -7, -16, -16, -8, -4, 
-3, 1, 2, -1, -1, 11, 28, 8, 6, 6, 20, 6, 10, 4, 8, 33, 33, 34, 
22, 24, 9, NA, 13, 32, 19, 9, 10, 14, -9, -1, 22, 17, 16, 17, 
34, 33, 30, 12, 18, 17, 2, 16, 17, 10, 20, 25, 15, 19, 24, 33, 
41, 37, 25, 28, 30, 23, 32, 32, 35, 38, 28, 25, 17, 29, 18, 19, 
30, 32, 35, 25, 20, 30, 35, 42, 44, 46, 38, 30, 48, 43, 33, 41, 
32, 43, 30, 38, 25, 33, 38, 42, 36, 22, 38, 48, 46, 52, 54, 36, 
48, 51, 48, 32, 40, 45, 45, 33, 37, 38, 44, 53, 53, 33, 32, 46, 
55, 44, 53, 38, 43, 48, 35, 44, 48, 51, 44, 54, 49, 46, 40, 48, 
52, 57, 53, 48, 47, 42, 58, 58, 46, 42, 45, 54, 54, 47, 53, 56, 
60, 52, 56, 62, 60, 53, 52, 59, 55, 42, 50, 49, 59, 60, 49, 50, 
52, 63, 57, 62, 45, 37, 45, 64, 50, 42, 46, 59, 48, 53, 43, 43, 
44, 47, 50, 50, 54, 55, 53, 54, 52, 43, 51, 58, 62, 43, 44, 47, 
52, 45, 53, 39, 42, 53, 58, 59, 52, 48, 51, 49, 41, 50, 48, 49, 
57, 61, 58, 59, 52, 54, 44, 31, 30, 31, 31, 38, 39, 42, 46, 48, 
53, 43, 48, 52, 45, 39, 40, 54, 36, 40, 41, 46, 41, 42, 48, 37, 
30, 29, 30, 49, 36, 25, 30, 42, 49, 38, 26, 29, 38, 34, 23, 20, 
21, 26, 27, 36, 32, 33, 24, 22, 22, 19, 25, 36, 39, 40, 41, 43, 
38, 33, 39, 34, 30, 31, 34, 30, 13, 17, 33, 27, 33, 30, 23, 28, 
25, 23, 18, 20, 21, 24, 25, 28, 30, 17, 7, 11, 18, 10, 10, 24, 
16, 16, 27, 10, 17, -5, -2, 14, 2, -16, -13, -7, -10, -10, 19, 
27, -13, -13, 8, -1, -1), .Tsp = c(1980, 1984.99726027397, 365
), class = "ts")
