"dowdata" <-
structure(list(Date = structure(c(336, 175, 320, 306, 290, 277, 
262, 219, 203, 189, 162, 147, 104, 89, 73, 60, 45, 428, 412, 
397, 384, 14, 350, 339, 309, 294, 250, 236, 222, 206, 192, 135, 
121, 107, 92, 77, 32, 17, 431, 415, 400, 359, 323, 163, 2, 354, 
299, 284, 269, 256, 241, 196, 183, 154, 140, 126, 82, 67, 52, 
38, 23, 405, 391, 377, 329, 343, 314, 301, 286, 271, 228, 212, 
198, 185, 156, 113, 97, 84, 69, 54, 437, 421, 407, 393, 378, 
169, 7, 357, 347, 273, 259, 245, 232, 216, 158, 143, 130, 117, 
101, 56, 41, 27, 441, 425, 380, 367, 333, 173, 11, 292, 278, 
263, 249, 235, 177, 148, 134, 120, 75, 61, 46, 31, 16, 398, 385, 
371, 358, 322, 355, 345, 316, 303, 287, 243, 230, 214, 200, 186, 
128, 115, 99, 86, 70, 25, 439, 423, 409, 394, 331, 171, 9, 311, 
296, 252, 238, 225, 208, 137, 124, 110, 94, 79, 34, 20, 434, 
417, 402, 361, 326, 166, 4, 353, 297, 282, 267, 254, 240, 194, 
181, 152, 139, 80, 65, 50, 36, 22, 403, 389, 375, 363, 328, 352, 
341, 310, 295, 281, 224, 207, 193, 180, 123, 109, 93, 78, 64, 
19, 433, 416, 401, 388, 325, 165, 3, 348, 318, 275, 247, 233, 
217, 160, 145, 132, 118, 102, 58, 43, 29, 442, 426, 382, 369, 
335, 174, 12, 319, 305, 289, 276, 261, 218, 202, 188, 161, 146, 
103, 88, 72, 59, 44, 427, 411, 396, 383, 370, 13, 349, 321, 307, 
291, 248, 234, 220, 204, 190, 133, 119, 105, 90, 74, 30, 443, 
429, 413, 337, 176, 15, 351, 340, 280, 265, 251, 237, 223, 179, 
150, 136, 122, 108, 63, 48, 33, 18, 432, 387, 373, 360, 324, 
164, 342, 313, 300, 285, 270, 227, 211, 197, 184, 155, 112, 96, 
83, 68, 53, 436, 420, 406, 392, 168, 6, 344, 315, 302, 257, 242, 
229, 213, 199, 141, 127, 114, 98, 85, 39, 24, 438, 422, 408, 
365, 330, 170, 8, 304, 288, 274, 260, 246, 201, 187, 159, 144, 
131, 87, 71, 57, 42, 28, 410, 395, 381, 368, 334, 338, 308, 293, 
279, 264, 221, 205, 191, 178, 149, 106, 91, 76, 62, 47, 430, 
414, 399, 386, 372, 1, 356, 346, 317, 272, 258, 244, 231, 215, 
157, 142, 129, 116, 100, 55, 40, 26, 440, 424, 379, 366, 332, 
172, 10, 266, 253, 239, 226, 209, 151, 138, 125, 111, 49, 35, 
21, 435, 418, 374, 362, 327, 167, 5, 312, 298, 283, 268, 255, 
210, 195, 182, 153, 95, 81, 66, 51, 37, 419, 404, 390, 376, 364
), .Label = c("1-Apr-99", "1-Aug-00", "1-Dec-99", "1-Feb-00", 
"1-Feb-99", "1-Jul-99", "1-Jun-00", "1-Jun-99", "1-Mar-00", "1-Mar-99", 
"1-May-00", "1-Nov-99", "1-Oct-99", "1-Sep-00", "1-Sep-99", "10-Apr-00", 
"10-Aug-00", "10-Aug-99", "10-Dec-99", "10-Feb-00", "10-Feb-99", 
"10-Jan-00", "10-Jul-00", "10-Jun-99", "10-Mar-00", "10-Mar-99", 
"10-May-00", "10-May-99", "10-Nov-99", "10-Sep-99", "11-Apr-00", 
"11-Aug-00", "11-Aug-99", "11-Feb-00", "11-Feb-99", "11-Jan-00", 
"11-Jan-99", "11-Jul-00", "11-Jun-99", "11-Mar-99", "11-May-00", 
"11-May-99", "11-Nov-99", "11-Oct-99", "11-Sep-00", "12-Apr-00", 
"12-Apr-99", "12-Aug-99", "12-Feb-99", "12-Jan-00", "12-Jan-99", 
"12-Jul-00", "12-Jul-99", "12-Jun-00", "12-Mar-99", "12-May-00", 
"12-May-99", "12-Nov-99", "12-Oct-99", "12-Sep-00", "13-Apr-00", 
"13-Apr-99", "13-Aug-99", "13-Dec-99", "13-Jan-00", "13-Jan-99", 
"13-Jul-00", "13-Jul-99", "13-Jun-00", "13-Mar-00", "13-May-99", 
"13-Oct-99", "13-Sep-00", "13-Sep-99", "14-Apr-00", "14-Apr-99", 
"14-Aug-00", "14-Dec-99", "14-Feb-00", "14-Jan-00", "14-Jan-99", 
"14-Jul-00", "14-Jul-99", "14-Jun-00", "14-Jun-99", "14-Mar-00", 
"14-May-99", "14-Oct-99", "14-Sep-00", "14-Sep-99", "15-Apr-99", 
"15-Aug-00", "15-Dec-99", "15-Feb-00", "15-Jan-99", "15-Jul-99", 
"15-Jun-00", "15-Jun-99", "15-Mar-00", "15-Mar-99", "15-May-00", 
"15-Nov-99", "15-Oct-99", "15-Sep-00", "15-Sep-99", "16-Apr-99", 
"16-Aug-00", "16-Aug-99", "16-Dec-99", "16-Feb-00", "16-Feb-99", 
"16-Jul-99", "16-Jun-00", "16-Jun-99", "16-Mar-00", "16-Mar-99", 
"16-May-00", "16-Nov-99", "16-Sep-99", "17-Apr-00", "17-Aug-00", 
"17-Aug-99", "17-Dec-99", "17-Feb-00", "17-Feb-99", "17-Jul-00", 
"17-Jun-99", "17-Mar-00", "17-Mar-99", "17-May-00", "17-May-99", 
"17-Nov-99", "17-Sep-99", "18-Apr-00", "18-Aug-00", "18-Aug-99", 
"18-Feb-00", "18-Feb-99", "18-Jan-00", "18-Jul-00", "18-Jun-99", 
"18-Mar-99", "18-May-00", "18-May-99", "18-Nov-99", "18-Oct-99", 
"18-Sep-00", "19-Apr-00", "19-Apr-99", "19-Aug-99", "19-Feb-99", 
"19-Jan-00", "19-Jan-99", "19-Jul-00", "19-Jul-99", "19-Jun-00", 
"19-Mar-99", "19-May-00", "19-May-99", "19-Nov-99", "19-Oct-99", 
"19-Sep-00", "2-Aug-00", "2-Aug-99", "2-Dec-99", "2-Feb-00", 
"2-Feb-99", "2-Jul-99", "2-Jun-00", "2-Jun-99", "2-Mar-00", "2-Mar-99", 
"2-May-00", "2-Nov-99", "2-Oct-00", "2-Sep-99", "20-Apr-00", 
"20-Apr-99", "20-Aug-99", "20-Dec-99", "20-Jan-00", "20-Jan-99", 
"20-Jul-00", "20-Jul-99", "20-Jun-00", "20-Mar-00", "20-May-99", 
"20-Oct-99", "20-Sep-00", "20-Sep-99", "21-Apr-99", "21-Aug-00", 
"21-Dec-99", "21-Jan-00", "21-Jan-99", "21-Jul-00", "21-Jul-99", 
"21-Jun-00", "21-Jun-99", "21-Mar-00", "21-May-99", "21-Oct-99", 
"21-Sep-00", "21-Sep-99", "22-Apr-99", "22-Aug-00", "22-Dec-99", 
"22-Feb-00", "22-Feb-99", "22-Jan-99", "22-Jul-99", "22-Jun-00", 
"22-Jun-99", "22-Mar-00", "22-Mar-99", "22-May-00", "22-Nov-99", 
"22-Oct-99", "22-Sep-00", "22-Sep-99", "23-Apr-99", "23-Aug-00", 
"23-Aug-99", "23-Dec-99", "23-Feb-00", "23-Feb-99", "23-Jul-99", 
"23-Jun-00", "23-Jun-99", "23-Mar-00", "23-Mar-99", "23-May-00", 
"23-Nov-99", "23-Sep-99", "24-Apr-00", "24-Aug-00", "24-Aug-99", 
"24-Feb-00", "24-Feb-99", "24-Jan-00", "24-Jul-00", "24-Jun-99", 
"24-Mar-00", "24-Mar-99", "24-May-00", "24-May-99", "24-Nov-99", 
"24-Sep-99", "25-Apr-00", "25-Aug-00", "25-Aug-99", "25-Feb-00", 
"25-Feb-99", "25-Jan-00", "25-Jan-99", "25-Jul-00", "25-Jun-99", 
"25-Mar-99", "25-May-00", "25-May-99", "25-Oct-99", "25-Sep-00", 
"26-Apr-00", "26-Apr-99", "26-Aug-99", "26-Feb-99", "26-Jan-00", 
"26-Jan-99", "26-Jul-00", "26-Jul-99", "26-Jun-00", "26-Mar-99", 
"26-May-00", "26-May-99", "26-Nov-99", "26-Oct-99", "26-Sep-00", 
"27-Apr-00", "27-Apr-99", "27-Aug-99", "27-Dec-99", "27-Jan-00", 
"27-Jan-99", "27-Jul-00", "27-Jul-99", "27-Jun-00", "27-Mar-00", 
"27-May-99", "27-Oct-99", "27-Sep-00", "27-Sep-99", "28-Apr-00", 
"28-Apr-99", "28-Aug-00", "28-Dec-99", "28-Feb-00", "28-Jan-00", 
"28-Jan-99", "28-Jul-00", "28-Jul-99", "28-Jun-00", "28-Jun-99", 
"28-Mar-00", "28-May-99", "28-Oct-99", "28-Sep-00", "28-Sep-99", 
"29-Apr-99", "29-Aug-00", "29-Dec-99", "29-Feb-00", "29-Jan-99", 
"29-Jul-99", "29-Jun-00", "29-Jun-99", "29-Mar-00", "29-Mar-99", 
"29-Nov-99", "29-Oct-99", "29-Sep-00", "29-Sep-99", "3-Apr-00", 
"3-Aug-00", "3-Aug-99", "3-Dec-99", "3-Feb-00", "3-Feb-99", "3-Jan-00", 
"3-Jul-00", "3-Jun-99", "3-Mar-00", "3-Mar-99", "3-May-00", "3-May-99", 
"3-Nov-99", "3-Oct-00", "3-Sep-99", "30-Apr-99", "30-Aug-00", 
"30-Aug-99", "30-Dec-99", "30-Jul-99", "30-Jun-00", "30-Jun-99", 
"30-Mar-00", "30-Mar-99", "30-May-00", "30-Nov-99", "30-Sep-99", 
"31-Aug-00", "31-Aug-99", "31-Dec-99", "31-Jan-00", "31-Jul-00", 
"31-Mar-00", "31-Mar-99", "31-May-00", "4-Apr-00", "4-Aug-00", 
"4-Aug-99", "4-Feb-00", "4-Feb-99", "4-Jan-00", "4-Jan-99", "4-Jun-99", 
"4-Mar-99", "4-May-00", "4-May-99", "4-Nov-99", "4-Oct-99", "5-Apr-00", 
"5-Apr-99", "5-Aug-99", "5-Feb-99", "5-Jan-00", "5-Jan-99", "5-Jul-00", 
"5-Jun-00", "5-Mar-99", "5-May-00", "5-May-99", "5-Nov-99", "5-Oct-99", 
"5-Sep-00", "6-Apr-00", "6-Apr-99", "6-Aug-99", "6-Dec-99", "6-Jan-00", 
"6-Jan-99", "6-Jul-00", "6-Jul-99", "6-Jun-00", "6-Mar-00", "6-May-99", 
"6-Oct-99", "6-Sep-00", "7-Apr-00", "7-Apr-99", "7-Aug-00", "7-Dec-99", 
"7-Feb-00", "7-Jan-00", "7-Jan-99", "7-Jul-00", "7-Jul-99", "7-Jun-00", 
"7-Jun-99", "7-Mar-00", "7-May-99", "7-Oct-99", "7-Sep-00", "7-Sep-99", 
"8-Apr-99", "8-Aug-00", "8-Dec-99", "8-Feb-00", "8-Feb-99", "8-Jan-99", 
"8-Jul-99", "8-Jun-00", "8-Jun-99", "8-Mar-00", "8-Mar-99", "8-May-00", 
"8-Nov-99", "8-Oct-99", "8-Sep-00", "8-Sep-99", "9-Apr-99", "9-Aug-00", 
"9-Aug-99", "9-Dec-99", "9-Feb-00", "9-Feb-99", "9-Jul-99", "9-Jun-00", 
"9-Jun-99", "9-Mar-00", "9-Mar-99", "9-May-00", "9-Nov-99", "9-Sep-99"
), class = "factor"),