"ewr" <-
structure(list(Year = c(2000, 2000, 2000, 2000, 2000, 2000, 2000, 
2000, 2000, 2000, 2000, 1999, 1999, 1999, 1999, 1999, 1999, 1999, 
1999, 1999, 1999, 1999, 1999, 2000, 2000, 2000, 2000, 2000, 2000, 
2000, 2000, 2000, 2000, 2000, 1999, 1999, 1999, 1999, 1999, 1999, 
1999, 1999, 1999, 1999, 1999, 1999), Month = structure(c(10, 
11, 12, 2, 6, 7, 9, 1, 8, 4, 5, 3, 10, 11, 12, 2, 6, 7, 9, 1, 
8, 4, 5, 10, 11, 12, 2, 6, 7, 9, 1, 8, 4, 5, 3, 10, 11, 12, 2, 
6, 7, 9, 1, 8, 4, 5), .Label = c("Apr", "Aug", "Dec", "Feb", 
"Jan", "Jul", "Jun", "Mar", "May", "Nov", "Oct", "Sep"), class = "factor"), 
    AA = c(8.6, 8.5, 8.1, 8.9, 8.3, 8.8, 8.1, 8.7, 8.8, 8.7, 
    9.4, 8.6, 8.3, 7.9, 8.4, 8.9, 8.6, 8.8, 8.7, 8.4, 8.6, 8.9, 
    9.1, 22.7, 24.8, 26.4, 33.7, 29.3, 33.4, 26.4, 26.2, 24.2, 
    26.3, 26.3, 23.2, 22.9, 25.6, 26.6, 29.3, 35.2, 30.2, 29.7, 
    27, 24, 24.1, 24.8), CO = c(8.3, 8, 8.5, 9.1, 8.9, 9, 8.8, 
    8.6, 8.4, 8.9, 9.4, 8.7, 9.3, 9.4, 9.3, 10, 11, 10.6, 8.9, 
    8.8, 9, 8.9, 10.6, 25.3, 27.8, 30.8, 37.6, 33.4, 36, 30.8, 
    30.9, 27, 27.7, 28.7, 26.3, 27.9, 30.5, 30.6, 33.9, 40.4, 
    34.1, 34.7, 31.3, 28.6, 26.7, 29.5), DL = c(8.6, 8.4, 8.4, 
    9.2, 8.2, 8.8, 7.9, 8.1, 7.8, 7.6, 8.5, 7.8, 8.5, 8.1, 8.1, 
    9, 9, 8.4, 8.1, 8.4, 7.7, 7.7, 7.6, 21.8, 22.7, 25.1, 31.8, 
    26.5, 29.5, 25.5, 25.1, 23, 22.8, 22.6, 22.2, 22.4, 24.7, 
    24.9, 29.2, 31.4, 26.9, 26.7, 24.4, 21.8, 21.9, 22.2), HP = c(10.4, 
    11.2, 10.2, 14.5, 11.5, 14.9, 9.8, 9.8, 8, 9.3, 9.9, 9.3, 
    10.4, 10.8, 10.3, 10.9, 12.5, 10.3, 9.7, 9.9, 9.5, 9.1, 12.2, 
    23, 25.3, 27.9, 34.6, 27.6, 31.3, 29.8, 28.6, 24.3, 25.4, 
    26, 23.8, 25.5, 25.4, 30.3, 35.2, 38.6, 32.7, 32.5, 31.3, 
    26.1, 24.8, 27.4), NW = c(8.1, 8.2, 8.3, 9, 8.8, 8.4, 7.8, 
    8.6, 8.7, 8.5, 9.4, 8.1, 8.9, 9.3, 9, 8.8, 9.2, 9, 8.3, 8.1, 
    8.4, 8.4, 8.5, 19.7, 21.6, 22.4, 26.1, 23.2, 24.8, 22.8, 
    21.9, 21.4, 22, 21.2, 19.9, 21.3, 22.7, 23, 25.5, 31.9, 25, 
    24.5, 24.1, 21.8, 20.7, 21.4), TW = c(9.1, 8.5, 8.6, 10.3, 
    9.1, 10.8, 7.5, 8.1, 6.4, 6.9, 6.3, 6, 6.1, 5.9, 6.2, 6.5, 
    6.2, 6, 6, 6, 6.2, 6.2, 5.7, 21.8, 23.9, 27.1, 32.9, 28.9, 
    33, 31.1, 24.8, 21.6, 21.9, 21.6, 21.9, 22.6, 23.6, 23.3, 
    27.1, 33.5, 27, 26, 25.1, 20.5, 21.1, 24), UA = c(8.4, 8.5, 
    8.2, 9.2, 9.2, 8.9, 8.1, 8.5, 8.2, 8.2, 8.6, 7.8, 8, 8, 8.3, 
    9.1, 8.3, 7.9, 8, 8.5, 8.2, 8.2, 8.1, 23.9, 24.5, 27.1, 33.3, 
    30.6, 31.7, 28, 26.5, 23.9, 24.1, 24.4, 23.9, 24, 26.4, 26.7, 
    29.5, 33.9, 29.1, 30.4, 28.3, 23.7, 23.8, 23.7), US = c(7.6, 
    7.8, 7.6, 8.7, 8.2, 8.3, 8.3, 9.5, 7.9, 7.5, 7.7, 7.1, 7.1, 
    7.2, 7.4, 8.1, 7.6, 7.5, 8.2, 7.6, 7.2, 7.5, 6.9, 19.4, 21.6, 
    23.7, 27.6, 23.1, 27.8, 22.7, 24, 21.1, 22.1, 20.8, 20.6, 
    21.4, 22.5, 24.3, 25.4, 30.1, 25.6, 25.9, 23.3, 20.4, 20.6, 
    20.2), inorout = structure(c(1, 1, 1, 1, 1, 1, 1, 1, 1, 1, 
    1, 1, 1, 1, 1, 1, 1, 1, 1, 1, 1, 1, 1, 2, 2, 2, 2, 2, 2, 
    2, 2, 2, 2, 2, 2, 2, 2, 2, 2, 2, 2, 2, 2, 2, 2, 2), .Label = c("in", 
    "out"), class = "factor")), .Names = c("Year", "Month", "AA", 
"CO", "DL", "HP", "NW", "TW", "UA", "US", "inorout"), row.names = c("1", 
"2", "3", "4", "5", "6", "7", "8", "9", "10", "11", "12", "13", 
"14", "15", "16", "17", "18", "19", "20", "21", "22", "23", "24", 
"25", "26", "27", "28", "29", "30", "31", "32", "33", "34", "35", 
"36", "37", "38", "39", "40", "41", "42", "43", "44", "45", "46"
), class = "data.frame")
