"exec.pay" <-
  c(136, 74, 8, 38, 46, 43, 9, 9, 12, 11, 20, 9, 95, 34, 7, 14, 
    39, 12, 29, 21, 60, 35, 17, 36, 29, 162, 88, 31, 6, 135, 13, 
    20, 9, 14, 28, 42, 10, 35, 2, 16, 28, 42, 142, 33, 134, 23, 34, 
    16, 13, 167, 9, 22, 39, 28, 30, 22, 14, 9, 25, 106, 32, 30, 89, 
    89, 47, 17, 26, 1231, 6, 103, 48, 24, 11, 19, 13, 29, 20, 45, 
    3, 33, 41, 7, 11, 10, 22, 36, 7, 19, 41, 40, 10, 15, 93, 67, 
    29, 25, 91, 38, 2510, 5, 32, 65, 0, 13, 27, 16, 21, 6, 0, 28, 
    8, 13, 71, 36, 11, 106, 37, 41, 13, 900, 38, 24, 15, 27, 12, 
    12, 22, 40, 49, 22, 118, 48, 10, 1, 36, 155, 9, 34, 29, 12, 0, 
    28, 21, 32, 18, 52, 29, 13, 199, 40, 11, 51, 45, 43, 31, 5, 18, 
    15, 25, 9, 18, 13, 58, 22, 40, 34, 16, 31, 27, 15, 23, 49, 60, 
    28, 74, 42, 24, 17, 9, 61, 20, 23, 26, 31, 167, 19, 14, 13, 146, 
    283, 12, 53, 26, 16, 29, 51, 15, 22, 27)
