"father.son" <-
structure(list(fheight = c(65.04851, 63.25094, 64.95532, 65.7525, 
61.13723, 63.02254, 65.37053, 64.72398, 66.06509, 66.96738, 59.008, 
62.93203, 63.67063, 64.07386, 64.68851, 65.15466, 66.37353, 65.57704, 
67.36765, 66.75929, 67.79764, 69.5348, 62.54014, 63.81016, 64.4565, 
64.9665, 64.70662, 65.73829, 65.50141, 65.55416, 66.90294, 66.57388, 
66.53198, 67.90613, 68.29198, 67.74123, 68.46917, 69.38327, 71.81791, 
62.41615, 64.49083, 64.4876, 63.92303, 65.44592, 65.02977, 65.67038, 
68.66078, 66.54597, 64.85954, 69.60692, 64.8135, 65.32703, 65.83169, 
65.83427, 65.56135, 65.8688, 65.77339, 67.09116, 66.61374, 67.41075, 
67.27716, 66.61134, 68.17412, 67.80555, 68.32529, 68.07787, 68.96795, 
68.9255, 69.60862, 70.35646, 70.00643, 72.75425, 62.82147, 62.86855, 
63.91261, 64.54118, 64.51906, 66.02688, 65.81011, 66.01812, 65.53742, 
65.73346, 66.77424, 66.67869, 66.97585, 66.94021, 66.84575, 67.12008, 
67.74181, 68.27194, 67.60691, 68.44737, 67.65832, 68.71193, 69.32025, 
68.7403, 69.13395, 69.34995, 68.6297, 69.58258, 70.39517, 71.19284, 
70.82429, 71.65367, 73.28133, 63.03753, 63.66428, 65.38311, 64.60205, 
66.40661, 65.76985, 65.66729, 66.05712, 66.54635, 66.5723, 66.64876, 
67.71899, 68.48726, 67.82769, 67.55801, 68.07763, 69.16715, 68.693, 
68.61779, 68.64797, 68.61666, 70.36485, 70.0099, 70.13984, 70.2073, 
71.28063, 70.90445, 72.19036, 74.96203, 64.88218, 65.55174, 65.65889, 
65.92826, 65.94198, 67.43646, 67.48444, 67.61344, 68.4518, 68.49456, 
68.1056, 69.48308, 69.07389, 69.39251, 69.44294, 69.52131, 70.15463, 
69.86911, 70.44394, 70.85393, 71.30074, 72.13978, 72.19045, 75.43393, 
64.51788, 66.36335, 65.56855, 66.78957, 66.91193, 68.1714, 67.50102, 
67.83492, 68.95255, 69.26, 68.74223, 69.74288, 70.29942, 70.04402, 
70.23559, 70.88075, 71.19091, 72.37396, 73.03345, 74.8083, 67.39521, 
67.31523, 67.77952, 69.33827, 68.72404, 69.98991, 69.75383, 70.65942, 
71.10882, 72.4811, 72.4801, 67.52214, 68.23931, 68.7997, 69.89568, 
71.48641, 70.76482, 71.9137, 63.08399, 68.23241, 70.05787, 70.83996, 
72.56944, 67.93353, 67.54033, 72.79855, 62.67482, 68.19196, 65.07215, 
73.42952, 62.94125, 62.53667, 69.90248, 71.07217, 71.11059, 69.48402, 
70.18338, 65.46124, 62.04073, 63.60063, 65.60613, 68.02969, 61.81571, 
63.78886, 64.89023, 65.79072, 66.42371, 68.80877, 61.76521, 64.30302, 
63.69064, 64.99662, 65.34899, 64.81278, 65.71736, 66.03148, 67.04912, 
67.77522, 69.04964, 62.1833, 62.76393, 63.88391, 65.41055, 64.62347, 
65.64621, 66.16257, 65.99538, 65.79786, 67.42936, 67.11933, 67.32907, 
67.86233, 68.31609, 67.96359, 68.68615, 71.18085, 62.4296, 62.88524, 
64.07313, 63.88597, 64.8272, 65.39653, 64.77344, 68.66581, 65.19783, 
64.32621, 66.08278, 69.01679, 64.50194, 66.07654, 65.73631, 66.45485, 
65.63018, 66.39423, 67.33687, 66.83938, 66.69739, 67.34708, 67.35319, 
67.93575, 67.76608, 68.11569, 68.2548, 68.83427, 69.40758, 69.32068, 
70.48, 70.06429, 70.63764, 62.41134, 63.15274, 63.51409, 63.91446, 
64.61683, 64.86185, 65.91332, 66.1992, 66.45978, 65.50286, 66.87795, 
67.0791, 66.83256, 67.18231, 66.51763, 66.95295, 66.63586, 68.18453, 
67.60565, 68.27918, 67.97994, 69.00094, 69.31139, 68.88641, 68.94824, 
69.42186, 69.49516, 70.34647, 69.92358, 70.69078, 70.56571, 72.40997, 
72.47685, 62.72118, 63.9001, 64.50433, 64.81813, 65.37582, 65.82612, 
66.29436, 65.81042, 66.80854, 67.16724, 67.30525, 67.54577, 67.86855, 
68.35003, 67.60818, 68.48397, 68.56724, 69.07405, 68.56831, 69.15373, 
68.60744, 68.5443, 69.65536, 70.41632, 69.97528, 70.26613, 71.31667, 
71.29178, 72.59442, 64.40268, 64.9127, 66.34756, 66.04291, 65.69477, 
66.71512, 66.64971, 68.33241, 67.94335, 67.96734, 68.27657, 68.75008, 
69.05441, 69.00755, 69.39488, 69.7628, 69.6464, 70.45427, 69.89852, 
70.984, 71.22015, 71.45442, 71.60966, 73.20296, 63.89132, 65.99384, 
66.0424, 67.47658, 66.68527, 68.27034, 67.72898, 68.28372, 68.39453, 
69.12925, 69.10844, 69.74196, 69.9987, 69.56148, 69.97779, 70.88691, 
70.64687, 72.26404, 71.50569, 73.01402, 66.20254, 67.26312, 67.8086, 
69.08284, 69.35107, 69.59962, 70.08948, 70.18385, 71.26955, 72.07717, 
72.33894, 67.06776, 67.85929, 69.07274, 69.59893, 69.73728, 70.54066, 
72.40962, 72.78889, 68.10144, 68.6106, 71.293, 72.09445, 74.69236, 
71.16246, 68.30804, 60.41857, 63.94459, 63.06849, 63.98036, 73.89524, 
72.03687, 61.02471, 65.39914, 71.96564, 71.29643, 65.15837, 68.90263, 
64.45192, 63.99469, 66.46124, 67.12556, 62.27941, 63.8488, 65.43612, 
65.62145, 66.16956, 67.62675, 60.21393, 62.99378, 63.57239, 65.15088, 
65.13462, 64.79732, 66.24856, 66.22743, 66.6056, 67.99167, 69.04862, 
62.12902, 63.16227, 64.45497, 63.75483, 64.63959, 64.59106, 66.06003, 
65.98544, 65.66176, 67.11501, 67.31302, 67.16149, 68.38679, 67.64175, 
67.55466, 68.53614, 70.02702, 61.07412, 62.72387, 64.28642, 64.11073, 
63.68318, 64.68393, 64.66753, 67.95848, 64.60933, 66.07775, 65.25267, 
69.67201, 65.33965, 65.54375, 66.1112, 66.22968, 66.00879, 66.03248, 
65.94624, 67.09734, 66.98893, 67.38837, 67.4075, 67.31108, 68.27151, 
68.33586, 67.56752, 68.23182, 69.07604, 68.77033, 70.49154, 70.00767, 
69.52007, 61.50617, 62.93875, 64.10318, 63.85157, 65.08731, 64.62588, 
65.8912, 66.24386, 65.66031, 66.05344, 66.30711, 67.15303, 66.90986, 
66.89436, 66.56566, 67.23789, 67.05684, 67.94515, 67.94026, 67.84234, 
67.91887, 68.63961, 68.60477, 69.04036, 69.03336, 69.12497, 68.53779, 
70.24335, 69.84308, 69.90057, 71.48946, 72.37013, 71.94413, 61.01904, 
63.0108, 64.5793, 65.39658, 64.84995, 65.54542, 65.56421, 66.09747, 
67.40602, 66.5839, 67.41035, 67.21634, 68.23175, 67.88053, 68.0153, 
67.69332, 68.85462, 68.73264, 69.0711, 68.79964, 68.79876, 69.32241, 
69.60923, 69.76071, 70.1611, 70.12109, 71.10802, 71.44164, 71.75006, 
64.35591, 65.16253, 66.09529, 65.78674, 65.53927, 66.71703, 67.17284, 
67.16853, 68.06061, 67.85988, 68.1968, 69.29537, 68.84067, 69.18095, 
68.69659, 69.45833, 70.0483, 69.6916, 70.20658, 70.79086, 70.87977, 
71.30702, 72.3266, 72.7824, 64.40052, 64.89121, 65.84506, 67.35461, 
67.44953, 67.86439, 67.92443, 68.49998, 67.60602, 69.37288, 69.34931, 
69.48306, 70.21887, 70.02161, 69.83698, 69.6041, 71.49829, 72.16894, 
72.41045, 72.52521, 64.6702, 66.78417, 67.83401, 68.15907, 69.19301, 
68.86739, 70.11126, 70.12007, 71.03691, 71.43196, 72.04564, 72.738, 
68.02564, 69.04939, 68.86356, 69.63421, 71.24085, 71.95679, 72.89983, 
65.86028, 68.48883, 70.72676, 72.34582, 72.59922, 68.82986, 73.49987, 
70.0599, 67.9291, 64.66998, 60.7795, 74.94058, 70.64925, 60.91526, 
65.28934, 71.362, 71.66893, 62.68868, 71.39326, 66.56302, 67.18788, 
62.532, 64.85512, 66.94161, 62.3603, 63.58145, 65.44633, 65.00539, 
66.43717, 66.6676, 59.4898, 63.00108, 64.0892, 64.0753, 64.52103, 
65.19231, 66.30604, 66.03081, 66.83096, 68.19724, 68.6599, 61.29369, 
63.26089, 63.86162, 64.13176, 64.81105, 64.55987, 66.19437, 66.5, 
66.43436, 67.30468, 67.36559, 67.29162, 67.69874, 68.38221, 67.76712, 
69.29587, 69.66477, 60.03436, 62.1356, 63.64047, 63.82278, 64.46555, 
64.73798, 65.43021, 65.07381, 69.29517, 67.67996, 64.94267, 69.47933, 
65.05963, 65.01253, 65.61963, 65.94819, 65.68803, 65.87689, 65.91481, 
67.41946, 66.53833, 67.41995, 67.21977, 67.33721, 68.11283, 68.02017, 
68.02829, 68.35139, 68.80254, 69.49307, 70.2297, 69.71997, 70.16651, 
61.07369, 62.66947, 64.32254, 64.27362, 64.96148, 64.77222, 66.2365, 
66.10686, 66.42772, 66.22727, 65.87574, 67.03017, 67.48545, 66.7367, 
66.69181, 67.31766, 67.1219, 67.82592, 68.4376, 67.74551, 68.0934, 
67.71665, 68.99349, 69.24616, 69.2828, 69.26254, 68.75605, 69.62519, 
69.61942, 69.94715, 70.58916, 72.34058, 71.56142, 72.94457, 63.33777, 
64.3445, 65.14077, 65.2424, 65.90397, 65.98763, 65.57065, 65.82733, 
66.88576, 66.98594, 67.41537, 67.93319, 67.77812, 68.44999, 68.32281, 
68.35148, 68.73678, 68.97673, 69.31931, 68.80442, 68.90434, 69.80381, 
69.66712, 70.38052, 70.29892, 71.02634, 71.28432, 72.03259, 63.26539, 
64.87623, 65.72722, 66.13831, 66.48902, 66.06395, 66.73532, 67.12329, 
