"female.inc" <-
structure(list(income = c(30930, 20924, 11104, 20924, 16009, 
16009, 20924, 18598, 23687, 8653, 75810, 23687, 8653, 43596, 
11104, 6214, 28565, 6214, 38570, 11104, 311, 16009, 6214, 70844, 
13619, 8653, 75810, 3733, 23687, 35858, 3733, 311, 311, 16009, 
20924, 25901, 23687, 3733, 13619, 33640, 20924, 13619, 45822, 
20924, 13619, 311, 20924, 11104, 311, 48655, 40883, 28565, 48655, 
311, 70844, 3733, 40883, 35858, 25901, 6214, 25901, 11104, 53654, 
13619, 30930, 35858, 311, 40883, 48655, 18598, 18598, 35858, 
3733, 60746, 16009, 311, 311, 11104, 8653, 33640, 311, 311, 6214, 
311, 311, 16009, 13619, 311, 311, 30930, 8653, 20924, 8653, 311, 
311, 25901, 20924, 311, 6214, 311, 311, 11104, 16009, 50825, 
311, 8653, 311, 8653, 18598, 30930, 8653, 311, 8653, 311, 6214, 
311, 311, 116507, 16009, 40883, 311, 30930, 311, 50825, 43596, 
311, 18598, 18598, 38570, 35858, 50825, 311, 13619, 11104, 35858, 
311, 311, 8653, 20924, 25901, 311, 28565, 311, 3733, 3733, 11104, 
33640, 311, 3733, 6214, 63611, 40883, 311, 6214, 311, 311, 3733, 
16009, 33640, 90707, 18598, 8653, 40883, 3733, 18598, 40883, 
16009, 311, 311, 16009, 13619, 23687, 25901, 60746, 311, 16009, 
25901, 58563, 30930, 11104, 16009, 18598, 6214, 35858, 8653, 
11104, 11104, 38570, 20924, 311, 16009, 78610, 16009, 13619, 
6214, 25901, 311, 38570, 6214, 50825, 20924, 13619, 11104, 35858, 
3733, 3733, 311, 311, 13619, 311, 16009, 80728, 6214, 28565, 
13619, 38570, 311, 3733, 38570, 311, 8653, 16009, 8653, 311, 
50825, 3733, 6214, 8653, 33640, 8653, 11104, 30930, 33640, 8653, 
311, 311, 20924, 6214, 13619, 23687, 311, 311, 6214, 311, 25901, 
16009, 20924, 3733, 35858, 11104, 311, 13619, 311, 28565, 20924, 
311, 11104, 45822, 311, 11104, 18598, 45822, 3733, 16009, 311, 
6214, 11104, 68665, 311, 8653, 311, 38570, 93660, 311, 70844, 
116507, 11104, 90707, 3733, 13619, 25901, 23687, 33640, 6214, 
23687, 311, 8653, 8653, 3733, 45822, 16009, 311, 35858, 35858, 
8653, 13619, 8653, 18598, 311, 23687, 8653, 11104, 23687, 23687, 
311, 11104, 23687, 311, 45822, 6214, 11104, 16009, 6214, 30930, 
53654, 18598, 48655, 40883, 20924, 311, 13619, 311, 16009, 6214, 
30930, 311, 311, 25901, 73671, 8653, 20924, 311, 8653, 20924, 
6214, 20924, 6214, 11104, 43596, 311, 6214, 311, 53654, 55966, 
38570, 28565, 8653, 311, 311, 16009, 11104, 18598, 311, 8653, 
25901, 6214, 20924, 63611, 30930, 8653, 30930, 18598, 80728, 
8653, 6214, 25901, 311, 311, 11104, 311, 16009, 6214, 25901, 
311, 38570, 23687, 6214, 16009, 68665, 311, 3733, 311, 311, 18598, 
43596, 60746, 63611, 33640, 8653, 23687, 311, 6214, 35858, 18598, 
11104, 8653, 3733, 20924, 311, 73671, 8653, 18598, 30930, 11104, 
311, 18598, 25901, 20924, 11104, 11104, 45822, 311, 33640, 28565, 
23687, 13619, 3733, 35858, 6214, 311, 16009, 6214, 6214, 30930, 
25901, 311, 6214, 11104, 70844, 311, 311, 6214, 50825, 311, 43596, 
311, 65865, 23687, 45822, 8653, 311, 116507, 3733, 311, 11104, 
33640, 33640, 311, 13619, 30930, 311, 8653, 16009, 8653, 11104, 
30930, 30930, 311, 311, 20924, 311, 33640, 6214, 8653, 18598, 
311, 311, 16009, 311, 16009, 40883, 6214, 38570, 311, 6214, 18598, 
13619, 60746, 30930, 311, 6214, 3733, 43596, 11104, 85977, 3733, 
23687, 30930, 8653, 20924, 55966, 23687, 311, 13619, 16009, 23687, 
25901, 18598, 116507, 20924, 18598, 33640, 20924, 20924, 35858, 
311, 311, 50825, 53654, 70844, 40883, 55966, 3733, 8653, 20924, 
311, 35858, 116507, 35858, 311, 23687, 30930, 25901, 167577, 
6214, 311, 311, 30930, 8653, 78610, 58563, 30930, 311, 23687, 
311, 311, 30930, 30930, 8653, 30930, 311, 3733, 38570, 18598, 
30930, 11104, 25901, 3733, 23687, 311, 11104, 40883, 18598, 53654, 
6214, 6214, 16009, 28565, 311, 6214, 18598, 311, 13619, 311, 
40883, 3733, 311, 30930, 311, 28565, 25901, 48655, 311, 311, 
28565, 33640, 58563, 38570, 215068, 6214, 13619, 11104, 3733, 
43596, 65865, 11104, 11104, 311, 311, 45822, 25901, 11104, 35858, 
11104, 16009, 6214, 3733, 16009, 8653, 11104, 650512, 311, 28565, 
6214, 11104, 23687, 8653, 311, 25901, 8653, 13619, 311, 75810, 
23687, 16009, 311, 8653, 11104, 30930, 38570, 6214, 116507, 6214, 
11104, 23687, 16009, 65865, 6214, 16009, 3733, 311, 311, 30930, 
311, 75810, 13619, 28565, 30930, 311, 13619, 83562, 80728, 40883, 
16009, 18598, 11104, 13619, 11104, 38570, 311, 8653, 311, 40883, 
43596, 60746, 311, 8653, 63611, 68665, 8653, 13619, 38570, 25901, 
13619, 11104, 311, 311, 45822, 30930, 311, 3733, 20924, 33640, 
85977, 60746, 3733, 68665, 311, 311, 16009, 311, 35858, 311, 
6214, 20924, 20924, 63611, 8653, 311, 16009, 35858, 311, 38570, 
16009, 18598, 13619, 8653, 50825, 311, 6214, 16009, 68665, 58563, 
35858, 11104, 55966, 40883, 311, 70844, 6214, 8653, 40883, 8653, 
311, 68665, 18598, 35858, 311, 13619, 3733, 311, 311, 311, 16009, 
28565, 23687, 70844, 311, 20924, 3733, 18598, 11104, 311, 13619, 
3733, 20924, 25901, 6214, 20924, 311, 116507, 73671, 50825, 13619, 
3733, 311, 311, 311, 18598, 18598, 16009, 16009, 13619, 11104, 
3733, 3733, 85977, 311, 311, 311, 70844, 16009, 311, 53654, 311, 
11104, 58563, 6214, 35858, 20924, 68665, 23687, 18598, 25901, 
8653, 11104, 20924, 167577, 311, 311, 43596, 6214, 311, 23687, 
6214, 311, 18598, 8653, 311, 48655, 116507, 311, 311, 25901, 
20924, 311, 33640, 30930, 50825, 3733, 90707, 68665, 38570, 6214, 
311, 65865, 3733, 11104, 6214, 6214, 311, 8653, 8653, 18598, 
13619, 8653, 70844, 20924, 6214, 3733, 40883, 16009, 311, 311, 
8653, 53654, 68665, 23687, 116507, 16009, 6214, 8653, 311, 45822, 
33640, 16009, 6214, 311, 311, 311, 18598, 311, 23687, 3733, 3733, 
3733, 13619, 30930, 311, 311, 65865, 8653, 11104, 23687, 8653, 
20924, 40883, 311, 16009, 20924, 8653, 6214, 28565, 11104, 48655, 
311, 20924, 311, 23687, 16009, 16009, 3733, 20924, 8653, 18598, 
58563, 11104, 3733, 6214, 40883, 311, 20924, 25901, 35858, 11104, 
11104, 3733, 11104, 6214, 3733, 45822, 13619, 55966, 6214, 8653, 
50825, 20924, 8653, 311, 8653, 3733, 311, 11104, 6214, 311, 311, 
311, 25901, 30930, 6214, 311, 311, 28565, 311, 65865, 11104, 
16009, 38570, 8653, 50825, 11104, 311, 20924, 13619, 8653, 13619, 
311, 11104, 11104, 13619, 38570, 23687, 311, 20924, 35858, 6214, 
11104, 6214, 311, 3733, 311, 6214, 311, 16009, 20924, 8653, 311, 
116507, 50825, 11104, 23687, 40883, 11104, 6214, 13619, 8653, 
35858, 3733, 18598, 35858, 11104, 16009, 33640, 43596, 311, 6214, 
6214, 50825, 311, 8653, 6214, 28565, 6214, 13619, 30930, 6214, 
6214, 11104, 311, 311, 18598, 20924, 3733, 18598, 8653, 18598, 
20924, 35858, 6214, 23687, 65865, 35858, 311, 11104, 311, 23687, 
20924, 13619, 6214, 35858),