"gap" <-
structure(c(1.3, 0.956, 1.16, 1.3, 1.19, 1.3, 2.47, 0.846, 0.818, 
1.4, 1.17, 1.1, 1.5, 1.1, 1.22, 1.47, 1.2, 1.4, 2.5, 0.939, 0.925, 
1.5, 1.25, 1.2, 1.5, 1, 1.23, 1.45, 1.3, 1.4, 2.6, 0.891, 0.924, 
1.48, 1.2, 1.17, 1.52), .Tsp = c(2002.41666666667, 2005.41666666667, 
12), class = "ts")
