"google" <-
structure(c(196.03, 198.64, 191.58, 187.98, 187.4, 192.99, 195.23, 
198.41, 197.9, 197.95, 191.37, 193.95, 188.89, 185.87, 187.99, 
186.06, 185.18, 187.01, 185.9, 188.81, 185.2, 181.35, 179.98, 
177.8, 174.99, 178.61, 175.6, 179.29, 180.04, 180.88, 178.6, 
178.98, 179.25, 181.42, 179.57, 180.45, 180.51, 180.04, 185.29, 
188.57, 189.22, 193.76, 192.05, 193.23, 193.96, 192.93, 191.45, 
185, 186.97, 191.4, 198.1, 204.22, 215.81, 223.53, 218.75, 219.78, 
219.45, 220, 222.29, 226.19, 228.5, 226.98, 228.02, 226.02, 227.8, 
231.29, 228.72, 229.24, 231.05, 233.13, 239.16, 239.18, 241.61, 
255.45, 256, 260.81, 259.2, 266, 277.27, 288, 287.9, 280.26, 
290.94, 293.12, 279.56, 286.31, 282.5, 282.75, 278.35, 274.8, 
277.44, 280.3, 286.7, 287.84, 289.3, 289.71, 297.25, 304.1, 302, 
292.72, 294.15, 291.25, 295.71, 291.52, 295.54), .Names = c("2005-02-07", 
"2005-02-08", "2005-02-09", "2005-02-10", "2005-02-11", "2005-02-14", 
"2005-02-15", "2005-02-16", "2005-02-17", "2005-02-18", "2005-02-22", 
"2005-02-23", "2005-02-24", "2005-02-25", "2005-02-28", "2005-03-01", 
"2005-03-02", "2005-03-03", "2005-03-04", "2005-03-07", "2005-03-08", 
"2005-03-09", "2005-03-10", "2005-03-11", "2005-03-14", "2005-03-15", 
"2005-03-16", "2005-03-17", "2005-03-18", "2005-03-21", "2005-03-22", 
"2005-03-23", "2005-03-24", "2005-03-28", "2005-03-29", "2005-03-30", 
"2005-03-31", "2005-04-01", "2005-04-04", "2005-04-05", "2005-04-06", 
"2005-04-07", "2005-04-08", "2005-04-11", "2005-04-12", "2005-04-13", 
"2005-04-14", "2005-04-15", "2005-04-18", "2005-04-19", "2005-04-20", 
"2005-04-21", "2005-04-22", "2005-04-25", "2005-04-26", "2005-04-27", 
"2005-04-28", "2005-04-29", "2005-05-02", "2005-05-03", "2005-05-04", 
"2005-05-05", "2005-05-06", "2005-05-09", "2005-05-10", "2005-05-11", 
"2005-05-12", "2005-05-13", "2005-05-16", "2005-05-17", "2005-05-18", 
"2005-05-19", "2005-05-20", "2005-05-23", "2005-05-24", "2005-05-25", 
"2005-05-26", "2005-05-27", "2005-05-31", "2005-06-01", "2005-06-02", 
"2005-06-03", "2005-06-06", "2005-06-07", "2005-06-08", "2005-06-09", 
"2005-06-10", "2005-06-13", "2005-06-14", "2005-06-15", "2005-06-16", 
"2005-06-17", "2005-06-20", "2005-06-21", "2005-06-22", "2005-06-23", 
"2005-06-24", "2005-06-27", "2005-06-28", "2005-06-29", "2005-06-30", 
"2005-07-01", "2005-07-05", "2005-07-06", "2005-07-07"))
