"homeprice" <-
structure(list(list = c(80, 151.4, 310, 295, 339, 337.5, 228.7, 
245, 339, 43, 279, 599, 119, 289, 249, 178, 159, 289, 488, 376, 
249, 275, 275, 459, 219, 359, 379, 189, 173), sale = c(117.7, 
151, 300, 275, 340, 337.5, 215, 239, 345, 48, 262.5, 613, 119, 
305, 249, 170, 153, 291, 450, 370, 245, 275, 272.5, 459, 230, 
360, 370, 185, 185), full = c(1, 1, 2, 2, 2, 1, 3, 1, 1, 1, 1, 
3, 2, 2, 1, 2, 1, 2, 3, 3, 1, 2, 2, 3, 1, 2, 2, 1, 1), half = c(0, 
0, 1, 1, 0, 1, 0, 1, 2, 0, 2, 2, 0, 0, 1, 1, 0, 1, 0, 0, 1, 0, 
1, 1, 1, 0, 1, 1, 0), bedrooms = c(3, 4, 4, 4, 3, 4, 3, 3, 3, 
1, 3, 4, 3, 3, 2, 3, 2, 3, 3, 3, 3, 4, 2, 5, 3, 3, 4, 4, 3), 
    rooms = c(6, 7, 9, 8, 7, 8, 7, 7, 7, 3, 8, 10, 7, 6, 4, 6, 
    7, 7, 7, 7, 8, 8, 6, 11, 7, 8, 8, 8, 7), neighborhood = c(1, 
    1, 3, 3, 4, 3, 2, 2, 3, 2, 2, 5, 2, 3, 3, 2, 2, 3, 5, 4, 
    3, 3, 3, 4, 3, 4, 4, 2, 3)), .Names = c("list", "sale", "full", 
"half", "bedrooms", "rooms", "neighborhood"), class = "data.frame", row.names = c("1", 
"2", "3", "4", "5", "6", "7", "8", "9", "10", "11", "12", "13", 
"14", "15", "16", "17", "18", "19", "20", "21", "22", "23", "24", 
"25", "26", "27", "28", "29"))
