"iq" <-
c(72, 75, 77, 77, 81, 82, 83, 84, 84, 86, 86, 87, 88, 88, 88, 
88, 89, 89, 90, 91, 91, 92, 92, 93, 93, 93, 94, 94, 95, 95, 96, 
96, 96, 96, 96, 96, 97, 97, 97, 97, 98, 98, 99, 100, 100, 100, 
100, 100, 100, 101, 101, 101, 101, 101, 102, 102, 102, 103, 103, 
104, 104, 105, 105, 106, 106, 106, 107, 107, 108, 108, 108, 108, 
109, 109, 109, 110, 110, 111, 111, 112, 113, 114, 114, 114, 115, 
115, 116, 116, 116, 117, 117, 118, 122, 122, 123, 123, 124, 125, 
125, 130)
