"kid.weights" <-
structure(list(age = c(58, 103, 87, 138, 82, 52, 28, 79, 107, 
45, 58, 6, 7, 3, 8, 11, 128, 11, 14, 11, 52, 52, 64, 107, 44, 
4, 6, 5, 35, 35, 46, 6, 34, 5, 12, 62, 70, 60, 22, 65, 51, 18, 
139, 124, 7, 5, 28, 25, 43, 8, 84, 48, 63, 4, 10, 26, 59, 23, 
33, 16, 39, 56, 23, 8, 63, 41, 8, 7, 48, 104, 49, 15, 130, 111, 
7, 73, 5, 37, 3, 61, 30, 4, 8, 4, 48, 18, 9, 78, 72, 33, 5, 77, 
5, 44, 64, 73, 36, 22, 55, 3, 11, 8, 124, 50, 117, 69, 39, 141, 
42, 71, 55, 39, 7, 7, 111, 36, 33, 23, 96, 79, 71, 65, 14, 45, 
20, 65, 46, 60, 13, 14, 8, 4, 48, 68, 29, 7, 19, 108, 131, 75, 
20, 21, 7, 41, 113, 3, 73, 77, 130, 10, 142, 69, 21, 91, 27, 
38, 15, 133, 61, 66, 78, 5, 139, 42, 40, 98, 36, 34, 19, 26, 
60, 78, 3, 74, 7, 39, 31, 126, 31, 142, 144, 47, 83, 61, 56, 
6, 15, 36, 3, 67, 27, 101, 3, 3, 31, 5, 44, 101, 5, 87, 18, 17, 
46, 115, 94, 22, 126, 16, 4, 143, 130, 31, 3, 139, 105, 25, 12, 
47, 5, 5, 11, 22, 10, 46, 53, 49, 3, 125, 51, 8, 14, 39, 129, 
60, 53, 40, 25, 26, 26, 74, 12, 69, 126, 113, 64, 10, 5, 23, 
122, 5), weight = c(38, 87, 50, 98, 47, 30, 24, 45, 144, 24, 
40, 15, 20, 10, 19, 29, 80, 20, 28, 24, 35, 30, 52, 72, 28, 14, 
18, 11, 31, 28, 31, 14, 38, 15, 27, 60, 40, 40, 21, 47, 46, 30, 
69, 76, 16, 11, 38, 25, 29, 21, 36, 28, 41, 13, 21, 33, 40, 32, 
27, 20, 30, 45, 34, 19, 41, 40, 19, 14, 43, 90, 45, 29, 105, 
94, 22, 69, 17, 27, 12, 40, 25, 13, 20, 16, 45, 27, 20, 54, 60, 
30, 18, 55, 14, 34, 45, 48, 30, 25, 38, 13, 22, 19, 74, 30, 89, 
35, 33, 78, 43, 40, 32, 31, 15, 19, 55, 40, 37, 34, 45, 44, 50, 
50, 28, 32, 22, 52, 40, 42, 22, 23, 16, 17, 30, 40, 32, 26, 30, 
61, 65, 52, 23, 29, 18, 32, 50, 13, 36, 47, 80, 23, 64, 45, 25, 
65, 26, 38, 20, 150, 42, 53, 35, 16, 150, 25, 30, 52, 27, 27, 
22, 30, 35, 42, 12, 47, 14, 32, 25, 93, 30, 59, 100, 34, 52, 
43, 32, 13, 18, 38, 17, 46, 29, 50, 14, 13, 26, 11, 32, 70, 16, 
50, 26, 23, 37, 60, 45, 26, 131, 22, 12, 70, 86, 35, 14, 85, 
58, 28, 17, 34, 19, 13, 18, 23, 17, 30, 41, 30, 13, 125, 32, 
18, 35, 32, 108, 40, 42, 28, 26, 26, 23, 42, 28, 55, 65, 80, 
49, 18, 14, 26, 85, 14), height = c(38, 43, 48, 61, 47, 24, 29, 
48, 59, 24, 40, 27, 26, 29, 29, 28, 59, 28, 30, 24, 36, 36, 47, 
48, 33, 23, 28, 25, 35, 34, 32, 25, 40, 23, 33, 36, 36, 40, 31, 
39, 41, 33, 58, 53, 31, 23, 33, 34, 36, 21, 48, 38, 36, 12, 27, 
24, 24, 36, 36, 26, 38, 40, 24, 28, 36, 30, 27, 24, 41, 33, 45, 
30, 58, 48, 26, 36, 25, 32, 23, 40, 24, 25, 27, 28, 37, 26, 25, 
46, 38, 31, 30, 52, 23, 24, 53, 48, 36, 32, 36, 24, 29, 28, 54, 
36, 50, 42, 34, 55, 30, 34, 39, 37, 24, 22, 58, 35, 38, 30, 45, 
48, 46, 47, 32, 35, 24, 49, 48, 40, 28, 32, 28, 22, 40, 38, 32, 
29, 33, 53, 54, 48, 37, 31, 28, 38, 54, 24, 43, 50, 61, 30, 61, 
47, 40, 48, 33, 38, 30, 59, 42, 48, 36, 26, 67, 29, 24, 41, 38, 
36, 34, 31, 36, 51, 23, 50, 26, 39, 30, 58, 35, 50, 60, 42, 47, 
43, 36, 24, 24, 38, 27, 48, 34, 50, 25, 24, 26, 23, 39, 45, 26, 
42, 33, 31, 41, 54, 51, 34, 59, 23, 23, 56, 58, 36, 24, 58, 52, 
34, 22, 36, 24, 22, 29, 31, 23, 36, 43, 33, 22, 49, 39, 28, 36, 
39, 61, 39, 30, 36, 36, 26, 29, 45, 32, 43, 36, 56, 40, 27, 25, 
33, 40, 27), gender = structure(c(2, 2, 2, 2, 1, 1, 2, 1, 2, 
2, 1, 2, 1, 1, 1, 1, 2, 1, 1, 2, 2, 2, 1, 1, 2, 2, 1, 2, 2, 2, 
1, 1, 1, 2, 1, 1, 2, 1, 2, 1, 1, 1, 2, 1, 1, 1, 1, 2, 2, 1, 1, 
2, 1, 2, 1, 2, 1, 1, 2, 2, 2, 2, 2, 2, 1, 1, 1, 2, 2, 1, 1, 1, 
2, 2, 1, 1, 2, 1, 1, 1, 1, 2, 1, 2, 2, 1, 1, 2, 2, 2, 1, 1, 1, 
1, 1, 2, 2, 1, 2, 1, 1, 1, 2, 2, 1, 1, 2, 2, 1, 2, 2, 2, 2, 2, 
1, 2, 2, 1, 2, 1, 1, 2, 1, 1, 2, 1, 1, 1, 1, 2, 1, 1, 1, 2, 2, 
1, 2, 1, 1, 2, 2, 1, 2, 2, 1, 1, 2, 2, 2, 2, 2, 2, 1, 1, 2, 2, 
1, 2, 2, 1, 1, 1, 2, 2, 1, 1, 1, 2, 1, 2, 2, 2, 1, 1, 2, 2, 1, 
1, 1, 2, 1, 1, 1, 1, 1, 2, 2, 1, 1, 1, 1, 2, 2, 2, 2, 1, 2, 1, 
1, 2, 1, 1, 1, 1, 1, 1, 2, 1, 1, 2, 1, 2, 1, 2, 1, 1, 2, 2, 1, 
1, 1, 2, 2, 1, 2, 1, 2, 1, 2, 2, 2, 2, 2, 1, 2, 1, 2, 2, 2, 1, 
2, 2, 1, 1, 2, 1, 2, 2, 2, 2), .Label = c("F", "M"), class = "factor")), .Names = c("age", 
"weight", "height", "gender"), row.names = c("1", "2", "3", "4", 
"5", "6", "7", "8", "9", "10", "11", "12", "13", "14", "15", 
"16", "17", "18", "19", "20", "21", "22", "23", "24", "25", "26", 
"27", "28", "29", "30", "31", "32", "33", "34", "35", "36", "37", 
"38", "39", "40", "41", "42", "43", "44", "45", "46", "47", "48", 
"49", "50", "51", "52", "53", "54", "55", "56", "57", "58", "59", 
"60", "61", "62", "63", "64", "65", "66", "67", "68", "69", "70", 
"71", "72", "73", "74", "75", "76", "77", "78", "79", "80", "81", 
"82", "83", "84", "85", "86", "87", "88", "89", "90", "91", "92", 
"93", "94", "95", "96", "97", "98", "99", "100", "101", "102", 
"103", "104", "105", "106", "107", "108", "109", "110", "111", 
"112", "113", "114", "115", "116", "117", "118", "119", "120", 
"121", "122", "123", "124", "125", "126", "127", "128", "129", 
"130", "131", "132", "133", "134", "135", "136", "137", "138", 
"139", "140", "141", "142", "143", "144", "145", "146", "147", 
"148", "149", "150", "151", "152", "153", "154", "155", "156", 
"157", "158", "159", "160", "161", "162", "163", "164", "165", 
"166", "167", "168", "169", "170", "171", "172", "173", "174", 
"175", "176", "177", "178", "179", "180", "181", "182", "183", 
"184", "185", "186", "187", "188", "189", "190", "191", "192", 
"193", "194", "195", "196", "197", "198", "199", "200", "201", 
"202", "203", "204", "205", "206", "207", "208", "209", "210", 
"211", "212", "213", "214", "215", "216", "217", "218", "219", 
"220", "221", "222", "223", "224", "225", "226", "227", "228", 
"229", "230", "231", "232", "233", "234", "235", "236", "237", 
"238", "239", "240", "241", "242", "243", "244", "245", "246", 
"247", "248", "249", "250"), class = "data.frame")
