"KSI" <-
structure(as.integer(c(107, 97, 102, 87, 119, 106, 110, 106, 
107, 134, 147, 180, 125, 134, 110, 102, 103, 111, 120, 129, 122, 
183, 169, 190, 134, 108, 104, 117, 157, 148, 130, 140, 136, 140, 
187, 150, 159, 143, 114, 127, 159, 156, 138, 120, 117, 170, 168, 
198, 144, 146, 109, 131, 151, 140, 153, 140, 161, 168, 152, 136, 
113, 100, 103, 103, 121, 134, 133, 129, 144, 154, 156, 163, 122, 
92, 117, 95, 96, 108, 108, 106, 140, 114, 158, 161, 102, 127, 
101, 125, 97, 112, 112, 113, 108, 128, 154, 162, 112, 79, 82, 
127, 108, 110, 123, 103, 97, 140, 165, 183, 148, 111, 116, 115, 
100, 106, 134, 126, 117, 122, 153, 178, 114, 94, 128, 119, 111, 
110, 114, 118, 115, 132, 153, 171, 115, 95, 92, 100, 95, 114, 
102, 104, 32, 136, 117, 137, 111, 106, 98, 84, 94, 105, 123, 
109, 130, 153, 134, 99, 115, 104, 131, 108, 103, 115, 122, 122, 
125, 137, 138, 152, 120, 95, 100, 89, 82, 89, 60, 84, 113, 126, 
122, 118, 92, 86, 81, 84, 87, 90, 79, 96, 122, 120, 137, 154, 
1687, 1508, 1507, 1385, 1632, 1511, 1559, 1630, 1579, 1653, 2152, 
2148, 1752, 1765, 1717, 1558, 1575, 1520, 1805, 1800, 1719, 2008, 
2242, 2478, 2030, 1655, 1693, 1623, 1805, 1746, 1795, 1926, 1619, 
1992, 2233, 2192, 2080, 1768, 1835, 1569, 1976, 1853, 1965, 1689, 
1778, 1976, 2397, 2654, 2097, 1963, 1677, 1941, 2003, 1813, 2012, 
1912, 2084, 2080, 2118, 2150, 1608, 1503, 1548, 1382, 1731, 1798, 
1779, 1887, 2004, 2077, 2092, 2051, 1577, 1356, 1652, 1382, 1519, 
1421, 1442, 1543, 1656, 1561, 1905, 2199, 1473, 1655, 1407, 1395, 
1530, 1309, 1526, 1327, 1627, 1748, 1958, 2274, 1648, 1401, 1411, 
1403, 1394, 1520, 1528, 1643, 1515, 1685, 2000, 2215, 1956, 1462, 
1563, 1459, 1446, 1622, 1657, 1638, 1643, 1683, 2050, 2262, 1813, 
1445, 1762, 1461, 1556, 1431, 1427, 1554, 1645, 1653, 2016, 2207, 
1665, 1361, 1506, 1360, 1453, 1522, 1460, 1552, 1548, 1827, 1737, 
1941, 1474, 1458, 1542, 1404, 1522, 1385, 1641, 1510, 1681, 1938, 
1868, 1726, 1456, 1445, 1456, 1365, 1487, 1558, 1488, 1684, 1594, 
1850, 1998, 2079, 1494, 1057, 1218, 1168, 1236, 1076, 1174, 1139, 
1427, 1487, 1483, 1513, 1357, 1165, 1282, 1110, 1297, 1185, 1222, 
1284, 1444, 1575, 1737, 1763, 12, 6, 12, 8, 10, 13, 11, 6, 10, 
16, 13, 14, 14, 6, 8, 11, 7, 13, 13, 11, 11, 14, 16, 14, 17, 
16, 15, 13, 13, 15, 12, 6, 9, 13, 14, 15, 14, 3, 12, 13, 12, 
8, 8, 15, 8, 5, 17, 14, 13, 5, 8, 5, 12, 11, 13, 15, 11, 11, 
10, 13, 8, 6, 8, 14, 12, 14, 13, 9, 4, 13, 6, 15, 12, 16, 7, 
12, 10, 9, 9, 6, 7, 13, 14, 13, 14, 11, 11, 10, 4, 4, 9, 10, 
10, 5, 13, 12, 10, 9, 7, 5, 10, 5, 6, 8, 6, 12, 15, 7, 14, 4, 
10, 8, 7, 11, 3, 5, 11, 10, 10, 7, 10, 11, 9, 7, 8, 13, 8, 5, 
8, 7, 12, 10, 7, 4, 10, 4, 8, 8, 7, 10, 8, 14, 8, 9, 8, 6, 7, 
6, 5, 4, 5, 10, 7, 10, 12, 7, 4, 5, 6, 4, 4, 8, 8, 3, 7, 12, 
2, 7, 8, 3, 2, 6, 3, 7, 6, 8, 8, 3, 3, 5, 5, 3, 4, 3, 6, 6, 7, 
5, 7, 7, 4, 7)), .Dim = as.integer(c(192, 3)), .Dimnames = list(
    NULL, c("cars.k", "car.ksi", "vandrivers")), .Tsp = c(1969, 
1984.91666666667, 12), class = c("mts", "ts"))
