"last.tie" <-
c(54, 92, 94, 76, 0, 44, 10, 78, 16, 74, 86, 20, 24, 92, 92, 
98, 99, 98, 90, 94, 96, 0, 28, 10, 0, 4, 2, 24, 99, 0, 16, 99, 
14, 20, 82, 0, 52, 26, 88, 30, 36, 40, 86, 54, 44, 98, 48, 28, 
0, 99, 36, 74, 60, 84, 76, 90, 42, 12, 36, 66, 70, 60, 2, 14, 
66, 10, 4, 99, 4, 34, 16, 58, 70, 90, 76, 60, 4, 88, 46, 96, 
26, 86, 32, 70, 36, 12, 99, 88, 22, 50, 42, 10, 99, 6, 48, 88, 
78, 10, 4, 92, 0, 20, 66, 6, 18, 90, 38, 66, 70, 0, 8, 32, 12, 
44, 94, 98, 0, 98, 2, 20, 52, 99, 68, 8, 0, 66, 4, 16, 24, 40, 
2, 99, 6, 94, 0, 8, 10, 96, 98, 48, 14, 88, 74, 84, 10, 98, 36, 
20, 99, 26, 99, 80, 6, 0, 94, 14, 10, 84, 0, 24, 72, 56, 2, 0, 
16, 14, 14, 56, 62, 46, 0, 96, 58, 94, 84, 84, 48, 96, 4, 92, 
80, 90, 2, 68, 6, 2, 84, 86, 12, 94, 92, 68, 60, 99, 99, 50, 
80, 94, 99, 2)
