"lawsuits" <-
c(16763, 10489, 17693, 14268, 442, 4220, 527, 4230, 354, 42873, 
19664, 7538, 7504, 18384, 615, 38534, 1880, 10072, 8528, 392131, 
21587, 4591, 24703, 1987, 1736, 9847, 483, 692, 22656, 314, 19631, 
28282, 4897, 460981, 4440, 18630, 308, 15362, 15307, 9888, 1685, 
10282, 70130, 16889, 15158, 7301, 48834, 628, 1614, 402, 450, 
375354, 38073, 25042, 1727, 402, 10871, 3282, 6978, 445, 674, 
1881, 8148, 2797, 2069, 1582, 605, 9385, 414, 2573, 624, 3527, 
7358, 17797, 24505, 31911, 563, 10151, 2702, 4820, 4019, 3281, 
690, 11906, 29720, 1038, 2221, 5771, 8146, 1735, 686, 37738, 
6841, 16889, 6356, 7489, 2065, 5530, 18424, 20006, 1398, 1781, 
4820, 6222, 467, 298867, 14096, 3123, 5015, 4046, 3695, 6017, 
758, 27819, 93871, 2563, 2737, 42625, 1412, 1376, 7576, 2293, 
254214, 509, 13259, 11932, 2226, 6293, 5700, 1852, 5596, 16130, 
1409, 4526, 14263, 9431, 6112, 1265, 597359, 1442, 8602, 2223, 
489, 1376, 5967, 7557, 4839, 10917, 8128, 36480, 22002, 62284, 
1992, 39665, 18322, 369, 2672, 16574, 479101, 7284, 5549, 6445, 
8141, 512, 8154, 299589, 495, 3116, 19706, 2115, 6162, 1263, 
12228, 126227, 527, 7496, 2513, 473463, 1310, 42334, 4195, 20578, 
3838, 2020, 7808, 426, 566229, 1671, 9884, 6060, 609, 4137, 1763, 
3231, 70241, 570, 59629, 1891, 157730, 4165, 770, 24439, 24665, 
26693, 6597, 2276, 482, 1434, 2034, 1024, 4200, 3363, 5072, 569, 
69074, 407251, 5991, 3689, 77341, 604, 95333, 406155, 12882, 
1674, 5192, 25612, 19125, 7637, 26911, 19747, 44142, 365, 64919, 
7378, 12336, 17940, 362402, 4135, 312308, 13206, 1530, 1998, 
8883, 472, 5936, 777, 15017, 25518, 1230, 278)
