"MLBattend" <-
structure(list(franchise = structure(c(4, 5, 10, 12, 21, 33, 
6, 7, 15, 19, 23, 27, 8, 20, 22, 24, 25, 29, 3, 9, 14, 16, 26, 
28, 4, 5, 10, 12, 17, 21, 33, 6, 7, 15, 19, 23, 8, 20, 22, 24, 
25, 29, 3, 9, 14, 16, 26, 28, 4, 5, 10, 12, 17, 21, 33, 6, 7, 
15, 19, 23, 8, 20, 22, 24, 25, 29, 3, 9, 14, 16, 26, 28, 4, 5, 
10, 12, 17, 21, 6, 7, 15, 19, 23, 31, 8, 20, 22, 24, 25, 29, 
3, 9, 14, 16, 26, 28, 4, 5, 10, 12, 17, 21, 6, 7, 15, 19, 23, 
31, 8, 20, 22, 24, 25, 29, 3, 9, 14, 16, 26, 28, 4, 5, 10, 12, 
17, 21, 6, 7, 15, 19, 23, 31, 8, 20, 22, 24, 25, 29, 3, 9, 14, 
16, 26, 28, 4, 5, 10, 12, 17, 21, 6, 7, 15, 19, 23, 31, 8, 20, 
22, 24, 25, 29, 3, 9, 14, 16, 26, 28, 4, 5, 10, 12, 17, 21, 6, 
7, 15, 19, 23, 31, 8, 20, 22, 24, 25, 29, 3, 9, 14, 16, 26, 28, 
4, 5, 10, 12, 17, 21, 32, 6, 7, 15, 19, 23, 27, 31, 8, 20, 22, 
24, 25, 29, 3, 9, 14, 16, 26, 28, 4, 5, 10, 12, 17, 21, 32, 6, 
7, 15, 19, 23, 27, 31, 8, 20, 22, 24, 25, 29, 3, 9, 14, 16, 26, 
28, 4, 5, 10, 12, 17, 21, 32, 6, 7, 15, 19, 23, 27, 31, 8, 20, 
22, 24, 25, 29, 3, 9, 14, 16, 26, 28, 4, 5, 10, 12, 17, 21, 32, 
6, 7, 15, 19, 23, 27, 31, 8, 20, 22, 24, 25, 29, 3, 9, 14, 16, 
26, 28, 4, 5, 10, 12, 17, 21, 32, 6, 7, 15, 19, 23, 27, 31, 8, 
20, 22, 24, 25, 29, 3, 9, 14, 16, 26, 28, 4, 5, 10, 12, 17, 21, 
32, 6, 7, 15, 19, 23, 27, 31, 8, 20, 22, 24, 25, 29, 3, 9, 14, 
16, 26, 28, 4, 5, 10, 12, 17, 21, 32, 6, 7, 15, 19, 23, 27, 31, 
8, 20, 22, 24, 25, 29, 3, 9, 14, 16, 26, 28, 4, 5, 10, 12, 17, 
21, 32, 6, 7, 15, 19, 23, 27, 31, 8, 20, 22, 24, 25, 29, 3, 9, 
14, 16, 26, 28, 4, 5, 10, 12, 17, 21, 32, 6, 7, 15, 19, 23, 27, 
31, 8, 20, 22, 24, 25, 29, 3, 9, 14, 16, 26, 28, 4, 5, 10, 12, 
17, 21, 32, 6, 7, 15, 19, 23, 27, 31, 8, 20, 22, 24, 25, 29, 
3, 9, 14, 16, 26, 28, 4, 5, 10, 12, 17, 21, 32, 6, 7, 15, 19, 
23, 27, 31, 8, 20, 22, 24, 25, 29, 3, 9, 14, 16, 26, 28, 4, 5, 
10, 12, 17, 21, 32, 6, 7, 15, 19, 23, 27, 31, 8, 20, 22, 24, 
25, 29, 3, 9, 14, 16, 26, 28, 4, 5, 10, 12, 17, 21, 32, 6, 7, 
15, 19, 23, 27, 31, 8, 20, 22, 24, 25, 29, 3, 9, 14, 16, 26, 
28, 4, 5, 10, 12, 17, 21, 32, 6, 7, 15, 19, 23, 27, 31, 8, 20, 
22, 24, 25, 29, 3, 9, 14, 16, 26, 28, 4, 5, 10, 12, 17, 21, 32, 
6, 7, 15, 19, 23, 27, 31, 8, 20, 22, 24, 25, 29, 3, 9, 14, 16, 
26, 28, 4, 5, 10, 12, 17, 21, 32, 6, 7, 15, 19, 23, 27, 31, 8, 
20, 22, 24, 25, 29, 3, 9, 14, 16, 26, 28, 4, 5, 10, 12, 17, 21, 
32, 6, 7, 15, 19, 23, 27, 31, 8, 20, 22, 24, 25, 29, 3, 9, 14, 
16, 26, 28, 11, 13, 4, 5, 10, 12, 17, 21, 32, 6, 7, 15, 19, 23, 
27, 31, 8, 20, 22, 24, 25, 29, 3, 9, 14, 16, 26, 28, 11, 13, 
4, 5, 10, 12, 17, 21, 32, 6, 7, 15, 19, 23, 27, 31, 8, 20, 22, 
24, 25, 29, 3, 9, 14, 16, 26, 28, 11, 13, 4, 5, 10, 12, 17, 21, 
32, 6, 7, 15, 19, 23, 27, 31, 8, 20, 22, 24, 25, 29, 3, 9, 14, 
16, 26, 28, 11, 13, 1, 4, 5, 10, 12, 17, 21, 32, 7, 15, 19, 23, 
27, 31, 8, 20, 22, 24, 25, 29, 3, 9, 14, 16, 26, 28, 11, 13, 
30, 1, 4, 5, 10, 12, 21, 32, 7, 15, 19, 23, 27, 31, 8, 20, 22, 
24, 25, 29, 3, 9, 14, 16, 26, 28, 11, 13, 2, 18, 30, 1, 4, 5, 
10, 12, 21, 32, 7, 15, 19, 23, 27, 31, 8, 20, 22, 24, 25, 29, 
3, 9, 14, 16, 26, 28, 11, 13, 2, 18, 30, 1, 4, 5, 10, 12, 21, 
32, 7, 15, 19, 23, 27, 31, 8, 20, 22, 24, 25, 29, 3, 9, 14, 16, 
26, 28, 11, 13, 2, 18), .Label = c("ANA", "ARI", "ATL", "BAL", 
"BOS", "CAL", "CHIA", "CHIN", "CIN", "CLE", "COL", "DET", "FL", 
"HOU", "KC", "LA", "MILA", "MILN", "MIN", "MON", "NYA", "NYN", 
"OAK", "PHI", "PIT", "SD", "SEA", "SF", "STL", "TB", "TEX", "TOR", 
"WAS"), class = "factor"), league = structure(c(1, 1, 1, 1, 1, 
1, 1, 1, 1, 1, 1, 1, 2, 2, 2, 2, 2, 2, 2, 2, 2, 2, 2, 2, 1, 1, 
1, 1, 1, 1, 1, 1, 1, 1, 1, 1, 2, 2, 2, 2, 2, 2, 2, 2, 2, 2, 2, 
2, 1, 1, 1, 1, 1, 1, 1, 1, 1, 1, 1, 1, 2, 2, 2, 2, 2, 2, 2, 2, 
2, 2, 2, 2, 1, 1, 1, 1, 1, 1, 1, 1, 1, 1, 1, 1, 2, 2, 2, 2, 2, 
2, 2, 2, 2, 2, 2, 2, 1, 1, 1, 1, 1, 1, 1, 1, 1, 1, 1, 1, 2, 2, 
2, 2, 2, 2, 2, 2, 2, 2, 2, 2, 1, 1, 1, 1, 1, 1, 1, 1, 1, 1, 1, 
1, 2, 2, 2, 2, 2, 2, 2, 2, 2, 2, 2, 2, 1, 1, 1, 1, 1, 1, 1, 1, 
1, 1, 1, 1, 2, 2, 2, 2, 2, 2, 2, 2, 2, 2, 2, 2, 1, 1, 1, 1, 1, 
1, 1, 1, 1, 1, 1, 1, 2, 2, 2, 2, 2, 2, 2, 2, 2, 2, 2, 2, 1, 1, 
1, 1, 1, 1, 1, 1, 1, 1, 1, 1, 1, 1, 2, 2, 2, 2, 2, 2, 2, 2, 2, 
2, 2, 2, 1, 1, 1, 1, 1, 1, 1, 1, 1, 1, 1, 1, 1, 1, 2, 2, 2, 2, 
2, 2, 2, 2, 2, 2, 2, 2, 1, 1, 1, 1, 1, 1, 1, 1, 1, 1, 1, 1, 1, 
1, 2, 2, 2, 2, 2, 2, 2, 2, 2, 2, 2, 2, 1, 1, 1, 1, 1, 1, 1, 1, 
1, 1, 1, 1, 1, 1, 2, 2, 2, 2, 2, 2, 2, 2, 2, 2, 2, 2, 1, 1, 1, 
1, 1, 1, 1, 1, 1, 1, 1, 1, 1, 1, 2, 2, 2, 2, 2, 2, 2, 2, 2, 2, 
2, 2, 1, 1, 1, 1, 1, 1, 1, 1, 1, 1, 1, 1, 1, 1, 2, 2, 2, 2, 2, 
2, 2, 2, 2, 2, 2, 2, 1, 1, 1, 1, 1, 1, 1, 1, 1, 1, 1, 1, 1, 1, 
2, 2, 2, 2, 2, 2, 2, 2, 2, 2, 2, 2, 1, 1, 1, 1, 1, 1, 1, 1, 1, 
1, 1, 1, 1, 1, 2, 2, 2, 2, 2, 2, 2, 2, 2, 2, 2, 2, 1, 1, 1, 1, 
1, 1, 1, 1, 1, 1, 1, 1, 1, 1, 2, 2, 2, 2, 2, 2, 2, 2, 2, 2, 2, 
2, 1, 1, 1, 1, 1, 1, 1, 1, 1, 1, 1, 1, 1, 1, 2, 2, 2, 2, 2, 2, 
2, 2, 2, 2, 2, 2, 1, 1, 1, 1, 1, 1, 1, 1, 1, 1, 1, 1, 1, 1, 2, 
2, 2, 2, 2, 2, 2, 2, 2, 2, 2, 2, 1, 1, 1, 1, 1, 1, 1, 1, 1, 1, 
1, 1, 1, 1, 2, 2, 2, 2, 2, 2, 2, 2, 2, 2, 2, 2, 1, 1, 1, 1, 1, 
1, 1, 1, 1, 1, 1, 1, 1, 1, 2, 2, 2, 2, 2, 2, 2, 2, 2, 2, 2, 2, 
1, 1, 1, 1, 1, 1, 1, 1, 1, 1, 1, 1, 1, 1, 2, 2, 2, 2, 2, 2, 2, 
2, 2, 2, 2, 2, 1, 1, 1, 1, 1, 1, 1, 1, 1, 1, 1, 1, 1, 1, 2, 2, 
2, 2, 2, 2, 2, 2, 2, 2, 2, 2, 1, 1, 1, 1, 1, 1, 1, 1, 1, 1, 1, 
1, 1, 1, 2, 2, 2, 2, 2, 2, 2, 2, 2, 2, 2, 2, 1, 1, 1, 1, 1, 1, 
1, 1, 1, 1, 1, 1, 1, 1, 2, 2, 2, 2, 2, 2, 2, 2, 2, 2, 2, 2, 2, 
2, 1, 1, 1, 1, 1, 1, 1, 1, 1, 1, 1, 1, 1, 1, 2, 2, 2, 2, 2, 2, 
2, 2, 2, 2, 2, 2, 2, 2, 1, 1, 1, 1, 1, 1, 1, 1, 1, 1, 1, 1, 1, 
1, 2, 2, 2, 2, 2, 2, 2, 2, 2, 2, 2, 2, 2, 2, 1, 1, 1, 1, 1, 1, 
1, 1, 1, 1, 1, 1, 1, 1, 2, 2, 2, 2, 2, 2, 2, 2, 2, 2, 2, 2, 2, 
2, 1, 1, 1, 1, 1, 1, 1, 1, 1, 1, 1, 1, 1, 1, 2, 2, 2, 2, 2, 2, 
2, 2, 2, 2, 2, 2, 2, 2, 1, 1, 1, 1, 1, 1, 1, 1, 1, 1, 1, 1, 1, 
1, 2, 2, 2, 2, 2, 2, 2, 2, 2, 2, 2, 2, 2, 2, 2, 2, 1, 1, 1, 1, 
1, 1, 1, 1, 1, 1, 1, 1, 1, 1, 2, 2, 2, 2, 2, 2, 2, 2, 2, 2, 2, 
2, 2, 2, 2, 2, 1, 1, 1, 1, 1, 1, 1, 1, 1, 1, 1, 1, 1, 1, 2, 2, 
2, 2, 2, 2, 2, 2, 2, 2, 2, 2, 2, 2, 2, 2), .Label = c("AL", "NL"
), class = "factor"),