"mw.ages" <-
structure(list(Male = c(NA, 191, 236, 181, 204, 175, 185, 197, 
208, 188, 213, 188, 211, 194, 161, 191, 133, 169, 145, 83, 92, 
89, 76, 103, 91, 95, 78, 101, 92, 143, 145, 142, 142, 147, 189, 
192, 193, 191, 211, 203, 222, 220, 231, 201, 214, 224, 218, 202, 
162, 197, 198, 163, 187, 167, 118, 124, 128, 113, 98, 73, 103, 
79, 73, 57, 57, 62, 57, 56, 56, 66, 55, 65, 53, 46, 68, 45, 44, 
57, 62, 46, 38, 28, 41, 35, 27, 31, 23, 19, 13, 17, 15, 17, 6, 
9, 2, 4, 1, 2, 2, 2, 4, 0, 0), Female = c(155, 188, 176, 187, 
188, 180, 174, 201, 180, 203, 186, 204, 196, 194, 169, 171, 164, 
176, 120, 92, 83, 92, 100, 82, 97, 92, 81, 107, 123, 144, 148, 
173, 178, 185, 219, 209, 259, 235, 224, 273, 229, 231, 269, 249, 
230, 235, 236, 242, 220, 198, 184, 174, 179, 169, 130, 119, 114, 
122, 133, 101, 87, 75, 79, 94, 98, 63, 66, 74, 77, 72, 79, 65, 
52, 74, 68, 83, 60, 78, 71, 74, 74, 71, 62, 59, 56, 41, 48, 40, 
33, 32, 32, 27, 15, 17, 10, 6, 9, 11, 3, 5, 8, 1, 0)), .Names = c("Male", 
"Female"), row.names = c("Under 1 year 176", "1 year", "2 years", 
"3 years", "4 years", "5 years", "6 years", "7 years", "8 years", 
"9 years", "10 years", "11 years", "12 years", "13 years", "14 years", 
"15 years", "16 years", "17 years", "18 years", "19 years", "20 years", 
"21 years", "22 years", "23 years", "24 years", "25 years", "26 years", 
"27 years", "28 years", "29 years", "30 years", "31 years", "32 years", 
"33 years", "34 years", "35 years", "36 years", "37 years", "38 years", 
"39 years", "40 years", "41 years", "42 years", "43 years", "44 years", 
"45 years", "46 years", "47 years", "48 years", "49 years", "50 years", 
"51 years", "52 years", "53 years", "54 years", "55 years", "56 years", 
"57 years", "58 years", "59 years", "60 years", "61 years", "62 years", 
"63 years", "64 years", "65 years", "66 years", "67 years", "68 years", 
"69 years", "70 years", "71 years", "72 years", "73 years", "74 years", 
"75 years", "76 years", "77 years", "78 years", "79 years", "80 years", 
"81 years", "82 years", "83 years", "84 years", "85 years", "86 years", 
"87 years", "88 years", "89 years", "90 years", "91 years", "92 years", 
"93 years", "94 years", "95 years", "96 years", "97 years", "98 years", 
"99 years", "100 to 104 years", "105 to 109 years", "110 years and over"
), class = "data.frame")
