"nym.2002" <-
structure(list(place = c(3592, 13853, 12256, 10457, 9686, 1784, 
16020, 10805, 12201, 19266, 15229, 15260, 10670, 10658, 200, 
10178, 2467, 10729, 12093, 12428, 2730, 12179, 20460, 23413, 
19921, 11878, 17683, 17933, 10151, 8915, 213, 21647, 2721, 14623, 
4715, 10277, 12630, 3751, 6867, 737, 10972, 12968, 17775, 10333, 
17068, 14690, 20253, 13301, 8827, 836, 7132, 20479, 23499, 4969, 
22469, 16264, 23338, 9692, 16010, 3502, 2596, 23603, 5909, 12677, 
507, 17290, 6077, 12275, 3979, 9104, 6693, 6240, 15883, 5768, 
12107, 5322, 20939, 20690, 13208, 10826, 9057, 21068, 12967, 
11191, 11503, 12100, 15480, 19171, 7158, 11372, 14966, 4582, 
4808, 13602, 417, 10437, 5131, 3593, 1996, 19192, 11659, 7121, 
21344, 371, 16397, 23112, 4919, 5798, 8133, 16212, 6251, 532, 
11430, 11230, 8908, 23373, 558, 23180, 9224, 1441, 5508, 13522, 
5041, 8685, 517, 12918, 17360, 2613, 22873, 21085, 11627, 22932, 
20994, 9862, 16475, 515, 20992, 15236, 8756, 4885, 14115, 13798, 
14528, 1752, 13718, 20350, 6613, 10752, 8725, 12137, 885, 991, 
23516, 23464, 18076, 23602, 17454, 13468, 4579, 10334, 21638, 
17113, 8709, 1583, 22431, 22874, 19366, 6725, 18501, 5215, 13440, 
14436, 9959, 11973, 6828, 23514, 3972, 6576, 6763, 8480, 21018, 
8823, 6092, 14081, 11857, 9457, 15096, 22871, 14570, 14622, 9910, 
14099, 20863, 21831, 22365, 17535, 8216, 17322, 19119, 14787, 
15669, 21568, 8250, 265, 8638, 8300, 15257, 359, 15129, 3077, 
14906, 8139, 12861, 13355, 1306, 13552, 14578, 1603, 13427, 18417, 
11981, 21253, 12354, 9541, 4781, 17681, 17107, 3577, 17799, 7109, 
10603, 22694, 7267, 2255, 20054, 19641, 6567, 12282, 4429, 868, 
7215, 18895, 13276, 646, 19607, 23551, 2075, 18175, 10968, 18589, 
15436, 5260, 9189, 5276, 10698, 14443, 8043, 17127, 19330, 17368, 
1028, 11088, 10818, 23593, 2906, 4708, 15912, 14146, 8984, 10335, 
7424, 4660, 23115, 17239, 6166, 10112, 20455, 16670, 13512, 10600, 
20481, 23063, 18997, 13979, 13374, 20858, 2012, 13710, 3681, 
17342, 17765, 2789, 3378, 6395, 6940, 4034, 22945, 23199, 15639, 
1054, 17079, 5701, 6101, 6397, 19422, 14096, 19973, 5974, 4649, 
9960, 23520, 6915, 5883, 11160, 11865, 8087, 18949, 21478, 22599, 
20164, 23349, 2543, 3683, 5335, 6722, 20250, 5857, 23460, 20838, 
9757, 7753, 21325, 8986, 3137, 14666, 19712, 18237, 1825, 13591, 
2181, 19925, 3638, 3559, 21124, 18111, 16211, 9407, 10520, 8675, 
21551, 4458, 8615, 1766, 7143, 18703, 15795, 11810, 19581, 8307, 
15618, 1004, 5304, 19496, 21422, 6051, 16905, 23654, 18060, 4928, 
9586, 22565, 4447, 7790, 13664, 17918, 6196, 892, 21510, 20617, 
19884, 19045, 9991, 2303, 9463, 12938, 16586, 22154, 23008, 22742, 
3126, 9380, 21822, 7915, 21941, 17844, 14156, 14632, 4496, 19356, 
12800, 3814, 2833, 7912, 10649, 14897, 21924, 9581, 16437, 21089, 
4370, 8585, 827, 8529, 298, 9330, 495, 11732, 21441, 4776, 21297, 
17658, 11959, 15860, 20334, 13570, 16506, 13342, 22255, 367, 
20218, 8010, 12682, 2757, 1207, 21759, 17530, 4041, 7458, 18750, 
4760, 15546, 3637, 18601, 3698, 20735, 446, 21255, 23662, 17320, 
17235, 21506, 9442, 18472, 335, 19602, 21916, 4320, 9704, 10874, 
9853, 12343, 6197, 676, 22556, 8317, 4039, 7693, 18014, 9301, 
15429, 19695, 15533, 11675, 21199, 22616, 5189, 7561, 12132, 
15901, 21364, 10760, 18195, 3832, 21600, 14480, 20228, 7205, 
19862, 10665, 2509, 18270, 15133, 2433, 15439, 7017, 9046, 1281, 
4197, 11200, 3939, 6791, 6761, 3340, 15026, 8914, 2658, 13856, 
1180, 21088, 6053, 2648, 17958, 21677, 15135, 7580, 13550, 22712, 
15153, 21404, 7703, 17691, 2154, 9119, 3021, 18010, 18741, 2782, 
16320, 18020, 1806, 8124, 8940, 4219, 3105, 17577, 3655, 7631, 
15475, 15541, 11684, 16883, 18752, 11885, 22542, 10702, 15365, 
11149, 16458, 14805, 12218, 5964, 12971, 6857, 7975, 17848, 15951, 
13334, 19442, 4065, 3746, 11255, 5865, 17966, 21612, 17898, 16810, 
17988, 3540, 17208, 4693, 22642, 13824, 15778, 12438, 23533, 
6665, 1322, 13166, 23027, 17330, 18271, 21259, 16858, 7701, 23641, 
7522, 3387, 4165, 4745, 20616, 3859, 611, 22163, 4814, 17030, 
3776, 17749, 5347, 4070, 20975, 17094, 18972, 11386, 19731, 1053, 
116, 8478, 7731, 2351, 13982, 10961, 10062, 3788, 11745, 16879, 
7663, 17997, 20015, 228, 8817, 15894, 16916, 8594, 15107, 20003, 
626, 5550, 22884, 5549, 6537, 11471, 6414, 4627, 9896, 21296, 
10920, 1872, 21934, 11323, 11544, 16741, 13073, 3344, 699, 17678, 
8899, 20226, 14905, 13804, 2403, 17939, 3571, 700, 20323, 7882, 
8979, 9705, 4469, 1192, 23427, 13997, 1689, 18653, 8888, 14421, 
11380, 8415, 8515, 23405, 8192, 5146, 9238, 5165, 21830, 2997, 
19413, 4313, 14091, 15518, 13326, 4888, 20140, 1710, 4876, 14324, 
17773, 975, 21956, 14446, 19732, 18890, 20187, 13230, 2688, 14999, 
11603, 11459, 7382, 4223, 13510, 19071, 13367, 4568, 7030, 669, 
3470, 12238, 11618, 20813, 6137, 23316, 5750, 18841, 22137, 1188, 
7995, 15937, 18677, 3181, 21900, 7430, 21984, 20704, 8252, 23528, 
21957, 13181, 17017, 22356, 23627, 4549, 12090, 9567, 15300, 
17251, 16804, 18264, 9649, 23378, 451, 5427, 13745, 4288, 10743, 
1036, 15215, 8413, 20905, 18050, 11965, 23425, 7785, 4597, 12669, 
4380, 16529, 1730, 20500, 8051, 10038, 7720, 3745, 21867, 11319, 
54, 4232, 6372, 329, 13889, 16759, 11024, 21552, 11457, 16921, 
13433, 17592, 7184, 14650, 18306, 23357, 8776, 2161, 22223, 17492, 
18975, 14256, 5505, 4351, 20296, 14603, 9019, 22194, 14961, 9475, 
21222, 7181, 20045, 14137, 7758, 16783, 14359, 20101, 14730, 
22045, 10731, 10643, 7038, 6904, 1854, 3101, 6168, 1728, 14652, 
19062, 9588, 11309, 21012, 11548, 21082, 10429, 21388, 3450, 
19585, 16315, 5637, 22486, 17397, 19092, 18870, 18407, 9527, 
10412, 6380, 3365, 19590, 399, 17611, 12709, 23090, 20014, 12356, 
20073, 437, 3173, 19854, 6817, 20195, 1236, 3370, 15038, 9006, 
3897, 3981, 14886, 8038, 22191, 10571, 14918, 14955, 779, 4459, 
6661, 2319, 14003, 18364, 9800, 8447, 12152, 4604, 9926, 605, 
9733, 1234, 14767, 7678, 17356, 23168, 16633, 7609, 3544, 18986, 
1098, 5114, 3680, 5890, 20083, 10558, 425, 18981, 1678, 18835, 
2926, 9031, 21224, 16108, 1407, 18129, 4013, 9534, 13651, 6832, 
21452, 10562, 11022, 23622, 11211, 14600, 18696, 9018, 8890, 
22953, 12066, 17060, 5160, 6158, 4823, 3995, 13562, 21227, 21921, 
7399, 3769, 997, 15654, 961, 16655, 4216, 22372, 11629, 17911, 
6096, 867, 21737, 2063, 2273, 18763, 18793, 18416, 21332, 14483, 
14952, 13939, 13878, 8918, 5088, 4989, 15377, 4416, 13395, 9577, 
8044, 2348, 475, 18824, 20940, 11729, 8546, 18250, 11736, 2979, 
1457, 22271, 9783, 14500, 104, 7207, 4787, 17751, 22521, 12225, 
15514, 21215, 6402, 23010, 16017, 23059, 20532, 13736, 9353, 
2279, 18272, 14246, 13661, 1654, 16157, 20877, 14245, 13446, 
1079, 14013, 23645, 16189, 15162, 11784, 4206, 16261, 1131, 16713, 
14241, 8726),