ObamaApproval <-
structure(list(X = 1:582, org = structure(c(15L, 33L, 40L, 14L, 
37L, 40L, 37L, 40L, 30L, 9L, 41L, 14L, 37L, 40L, 6L, 37L, 40L, 
4L, 25L, 22L, 37L, 40L, 32L, 14L, 40L, 1L, 9L, 37L, 40L, 35L, 
37L, 40L, 30L, 37L, 40L, 32L, 6L, 14L, 3L, 1L, 22L, 25L, 9L, 
32L, 21L, 5L, 14L, 9L, 30L, 12L, 1L, 21L, 32L, 14L, 35L, 25L, 
4L, 43L, 5L, 14L, 32L, 35L, 14L, 11L, 25L, 6L, 12L, 3L, 1L, 30L, 
9L, 1L, 5L, 14L, 4L, 25L, 30L, 21L, 31L, 3L, 32L, 22L, 9L, 31L, 
9L, 1L, 25L, 31L, 14L, 6L, 29L, 31L, 3L, 25L, 5L, 31L, 1L, 31L, 
14L, 31L, 9L, 25L, 29L, 32L, 1L, 31L, 14L, 4L, 31L, 22L, 3L, 
35L, 25L, 14L, 6L, 12L, 37L, 1L, 9L, 9L, 12L, 1L, 9L, 14L, 36L, 
3L, 25L, 19L, 9L, 31L, 14L, 37L, 12L, 25L, 14L, 6L, 29L, 21L, 
37L, 1L, 32L, 30L, 9L, 28L, 14L, 12L, 25L, 4L, 3L, 30L, 37L, 
15L, 33L, 14L, 9L, 22L, 1L, 25L, 30L, 14L, 15L, 33L, 37L, 3L, 
36L, 31L, 12L, 15L, 33L, 14L, 25L, 6L, 32L, 37L, 9L, 15L, 33L, 
30L, 14L, 1L, 9L, 21L, 34L, 15L, 33L, 14L, 4L, 37L, 6L, 30L, 
1L, 22L, 15L, 33L, 25L, 31L, 3L, 32L, 12L, 9L, 6L, 30L, 15L, 
33L, 14L, 37L, 1L, 25L, 6L, 30L, 15L, 33L, 1L, 14L, 9L, 12L, 
37L, 5L, 15L, 33L, 9L, 1L, 5L, 3L, 37L, 15L, 33L, 25L, 30L, 5L, 
14L, 23L, 9L, 32L, 15L, 33L, 14L, 9L, 30L, 21L, 5L, 31L, 25L, 
15L, 33L, 1L, 37L, 36L, 32L, 14L, 6L, 12L, 15L, 33L, 9L, 3L, 
41L, 25L, 37L, 1L, 15L, 33L, 23L, 5L, 32L, 30L, 14L, 9L, 15L, 
33L, 21L, 6L, 4L, 9L, 37L, 1L, 15L, 33L, 31L, 14L, 36L, 25L, 
32L, 9L, 3L, 30L, 15L, 33L, 12L, 45L, 14L, 37L, 9L, 21L, 9L, 
30L, 9L, 14L, 15L, 33L, 42L, 25L, 1L, 37L, 32L, 15L, 33L, 14L, 
6L, 21L, 41L, 12L, 4L, 3L, 30L, 15L, 33L, 25L, 14L, 5L, 9L, 37L, 
32L, 1L, 15L, 33L, 30L, 9L, 12L, 23L, 14L, 31L, 37L, 3L, 15L, 
30L, 33L, 24L, 32L, 28L, 7L, 9L, 39L, 44L, 15L, 33L, 28L, 9L, 
32L, 14L, 6L, 1L, 15L, 33L, 21L, 12L, 9L, 37L, 14L, 25L, 15L, 
33L, 30L, 3L, 32L, 13L, 5L, 8L, 14L, 15L, 33L, 8L, 1L, 23L, 4L, 
37L, 36L, 15L, 33L, 25L, 30L, 32L, 28L, 5L, 12L, 14L, 15L, 33L, 
37L, 30L, 9L, 14L, 6L, 25L, 9L, 15L, 33L, 1L, 12L, 37L, 21L, 
32L, 3L, 30L, 15L, 33L, 9L, 14L, 25L, 1L, 21L, 4L, 37L, 30L, 
33L, 15L, 5L, 23L, 42L, 2L, 21L, 25L, 9L, 15L, 33L, 32L, 5L, 
30L, 3L, 37L, 25L, 9L, 14L, 1L, 6L, 21L, 15L, 33L, 38L, 27L, 
31L, 25L, 30L, 3L, 14L, 37L, 15L, 33L, 4L, 9L, 5L, 21L, 12L, 
15L, 33L, 1L, 26L, 14L, 25L, 9L, 31L, 37L, 15L, 33L, 14L, 21L, 
12L, 6L, 3L, 31L, 15L, 33L, 32L, 30L, 9L, 14L, 1L, 12L, 42L, 
23L, 15L, 33L, 25L, 26L, 5L, 37L, 41L, 3L, 15L, 33L, 14L, 9L, 
25L, 42L, 30L, 33L, 15L, 12L, 14L, 37L, 9L, 32L, 15L, 33L, 14L, 
41L, 5L, 4L, 1L, 14L, 15L, 33L, 26L, 36L, 12L, 20L, 25L, 30L, 
6L, 10L, 15L, 33L, 18L, 3L, 14L, 1L, 42L, 5L, 32L, 9L, 24L, 15L, 
33L, 14L, 12L, 3L, 25L, 18L, 30L, 14L, 33L, 15L, 6L, 36L, 23L, 
30L, 1L, 33L, 15L, 14L, 12L, 32L, 3L, 9L, 6L, 14L, 16L, 17L, 
15L, 33L, 5L, 42L, 20L, 9L, 45L, 32L, 4L, 9L, 33L, 15L, 5L, 32L, 
12L, 14L, 25L, 30L, 3L, 15L, 33L, 18L, 14L, 12L), .Label = c("ABC News/Wash Post", 
"Associated Press/CNBC", "Associated Press/GfK", "Bloomberg", 
"CBS News", "CBS News/NY Times", "CBS News/NY Times*", "CNN", 
"CNN/Opinion Research", "CNN/OpinionResearch", "CNN/Time", "Democracy Corps (D)", 
"FDU/Public Mind", "FOX News", "Gallup", "GWU/Battleground", 
"Ipsos-McClatchy", "Ipsos/McClatchy", "LA Times/USC", "Marist", 
"McClatchy/Marist", "National Journal", "National Journal/FD", 
"NBC News", "NBC News/Wall St. Jrnl", "Newsweek", "Newsweek*", 
"Newsweek/Daily Beast", "NPR", "Pew Research", "Politico/GWU/Battleground", 
"Quinnipiac", "Rasmussen Reports", "Reason-Rupe", "Reason-Rupe/PSRAI", 
"Resurgent Republic (R)", "Reuters/Ipsos", "Schoen", "SurveyUSA", 
"The Economist/YouGov", "Time", "USA Today/Gallup", "USA Today/Pew Research", 
"Wash Post/Pew/SRBI", "Washington Post"), class = "factor"), 
    year = c(2013L, 2013L, 2013L, 2013L, 2013L, 2013L, 2013L, 
    2013L, 2013L, 2013L, 2013L, 2013L, 2013L, 2013L, 2013L, 2013L, 
    2013L, 2013L, 2013L, 2013L, 2013L, 2013L, 2013L, 2013L, 2013L, 
    2013L, 2013L, 2013L, 2013L, 2013L, 2013L, 2013L, 2013L, 2013L, 
    2013L, 2013L, 2013L, 2013L, 2013L, 2013L, 2013L, 2013L, 2013L, 
    2013L, 2013L, 2013L, 2013L, 2013L, 2013L, 2013L, 2013L, 2013L, 
    2013L, 2013L, 2013L, 2013L, 2013L, 2013L, 2013L, 2013L, 2013L, 
    2013L, 2013L, 2013L, 2013L, 2013L, 2013L, 2013L, 2013L, 2013L, 
    2012L, 2012L, 2012L, 2012L, 2012L, 2012L, 2012L, 2012L, 2012L, 
    2012L, 2012L, 2012L, 2012L, 2012L, 2012L, 2012L, 2012L, 2012L, 
    2012L, 2012L, 2012L, 2012L, 2012L, 2012L, 2012L, 2012L, 2012L, 
    2012L, 2012L, 2012L, 2012L, 2012L, 2012L, 2012L, 2012L, 2012L, 
    2012L, 2012L, 2012L, 2012L, 2012L, 2012L, 2012L, 2012L, 2012L, 
    2012L, 2012L, 2012L, 2012L, 2012L, 2012L, 2012L, 2012L, 2012L, 
    2012L, 2012L, 2012L, 2012L, 2012L, 2012L, 2012L, 2012L, 2012L, 
    2012L, 2012L, 2012L, 2012L, 2012L, 2012L, 2012L, 2012L, 2012L, 
    2012L, 2012L, 2012L, 2012L, 2012L, 2012L, 2012L, 2012L, 2012L, 
    2012L, 2012L, 2012L, 2012L, 2012L, 2012L, 2012L, 2012L, 2012L, 
    2012L, 2012L, 2012L, 2012L, 2012L, 2012L, 2012L, 2012L, 2012L, 
    2012L, 2012L, 2012L, 2012L, 2012L, 2012L, 2012L, 2012L, 2012L, 
    2012L, 2012L, 2012L, 2012L, 2012L, 2012L, 2012L, 2012L, 2012L, 
    2012L, 2012L, 2012L, 2012L, 2012L, 2012L, 2012L, 2012L, 2012L, 
    2012L, 2012L, 2012L, 2012L, 2012L, 2012L, 2012L, 2012L, 2012L, 
    2012L, 2012L, 2012L, 2012L, 2012L, 2012L, 2012L, 2012L, 2012L, 
    2012L, 2012L, 2012L, 2012L, 2012L, 2012L, 2011L, 2011L, 2011L, 
    2011L, 2011L, 2011L, 2011L, 2011L, 2011L, 2011L, 2011L, 2011L, 
    2011L, 2011L, 2011L, 2011L, 2011L, 2011L, 2011L, 2011L, 2011L, 
    2011L, 2011L, 2011L, 2011L, 2011L, 2011L, 2011L, 2011L, 2011L, 
    2011L, 2011L, 2011L, 2011L, 2011L, 2011L, 2011L, 2011L, 2011L, 
    2011L, 2011L, 2011L, 2011L, 2011L, 2011L, 2011L, 2011L, 2011L, 
    2011L, 2011L, 2011L, 2011L, 2011L, 2011L, 2011L, 2011L, 2011L, 
    2011L, 2011L, 2011L, 2011L, 2011L, 2011L, 2011L, 2011L, 2011L, 
    2011L, 2011L, 2011L, 2011L, 2011L, 2011L, 2011L, 2011L, 2011L, 
    2011L, 2011L, 2011L, 2011L, 2011L, 2011L, 2011L, 2011L, 2011L, 
    2011L, 2011L, 2011L, 2011L, 2011L, 2011L, 2011L, 2011L, 2011L, 
    2011L, 2011L, 2011L, 2011L, 2011L, 2011L, 2011L, 2011L, 2011L, 
    2011L, 2011L, 2011L, 2011L, 2011L, 2011L, 2011L, 2011L, 2011L, 
    2011L, 2011L, 2011L, 2011L, 2011L, 2011L, 2011L, 2011L, 2011L, 
    2011L, 2011L, 2011L, 2011L, 2011L, 2011L, 2011L, 2011L, 2011L, 
    2011L, 2011L, 2011L, 2011L, 2011L, 2011L, 2011L, 2011L, 2011L, 
    2011L, 2011L, 2011L, 2011L, 2011L, 2011L, 2011L, 2011L, 2011L, 
    2011L, 2011L, 2011L, 2011L, 2011L, 2011L, 2011L, 2011L, 2011L, 
    2011L, 2011L, 2011L, 2011L, 2011L, 2011L, 2011L, 2011L, 2011L, 
    2011L, 2011L, 2011L, 2011L, 2011L, 2011L, 2011L, 2011L, 2011L, 
    2011L, 2011L, 2011L, 2011L, 2011L, 2011L, 2011L, 2011L, 2011L, 
    2011L, 2011L, 2011L, 2010L, 2010L, 2010L, 2010L, 2010L, 2010L, 
    2010L, 2010L, 2010L, 2010L, 2010L, 2010L, 2010L, 2010L, 2010L, 
    2010L, 2010L, 2010L, 2010L, 2010L, 2010L, 2010L, 2010L, 2010L, 
    2010L, 2010L, 2010L, 2010L, 2010L, 2010L, 2010L, 2010L, 2010L, 
    2010L, 2010L, 2010L, 2010L, 2010L, 2010L, 2010L, 2010L, 2010L, 
    2010L, 2010L, 2010L, 2010L, 2010L, 2010L, 2010L, 2010L, 2010L, 
    2010L, 2010L, 2010L, 2010L, 2010L, 2010L, 2010L, 2010L, 2010L, 
    2010L, 2010L, 2010L, 2010L, 2010L, 2010L, 2010L, 2010L, 2010L, 
    2010L, 2010L, 2010L, 2010L, 2010L, 2010L, 2010L, 2010L, 2010L, 
    2010L, 2010L, 2010L, 2010L, 2010L, 2010L, 2010L, 2010L, 2010L, 
    2010L, 2010L, 2010L, 2010L, 2010L, 2010L, 2010L, 2010L, 2010L, 
    2010L, 2010L, 2010L, 2010L, 2010L, 2010L, 2010L, 2010L, 2010L, 
    2010L, 2010L, 2010L, 2010L, 2010L, 2010L, 2010L, 2010L, 2010L, 
    2010L, 2010L, 2010L, 2010L, 2010L, 2010L, 2010L, 2010L, 2010L, 
    2010L, 2010L, 2010L, 2010L, 2010L, 2010L, 2010L, 2010L, 2010L, 
    2010L, 2010L, 2010L, 2010L, 2010L, 2010L, 2010L, 2010L, 2010L, 
    2010L, 2010L, 2010L, 2010L, 2010L, 2010L, 2010L, 2010L, 2010L, 
    2010L, 2010L, 2010L, 2010L, 2010L, 2010L, 2010L, 2010L, 2010L, 
