"OBP" <-
structure(c(0.328703703703704, 0.324675324675325, 0.248587570621469, 
0.294520547945205, 0.278409090909091, 0.302197802197802, 0.279187817258883, 
0.294354838709677, 0.290598290598291, 0.232142857142857, 0.261627906976744, 
0.319852941176471, 0.325459317585302, 0.356164383561644, 0.295857988165680, 
0.238805970149254, 0.284615384615385, 0.291666666666667, 0.364372469635628, 
0.28, 0.310344827586207, 0.367469879518072, 0.25, 0.333333333333333, 
0.293670886075949, 0.344129554655870, 0.323992994746060, 0.281045751633987, 
0.305460750853242, 0.321428571428571, 0.332797427652733, 0.320610687022901, 
0.352941176470588, 0.335, 0.315175097276265, 0.355263157894737, 
0.368035190615836, 0.581699346405229, 0.284722222222222, 0.312883435582822, 
0.329896907216495, 0.310924369747899, 0.326359832635983, 0.338068181818182, 
0.333333333333333, 0.294117647058824, 0.317073170731707, 0.343949044585987, 
0.344444444444444, 0.345833333333333, 0.358695652173913, 0.387820512820513, 
0.253275109170306, 0.302839116719243, 0.300884955752212, 0.322862129144852, 
0.320754716981132, 0.353065539112051, 0.329617834394904, 0.337864077669903, 
0.385401459854015, 0.371134020618557, 0.362962962962963, 0.311475409836066, 
0.265625, 0.314432989690722, 0.304182509505703, 0.286415711947627, 
0.314553990610329, 0.286501377410468, 0.314102564102564, 0.291666666666667, 
0.332278481012658, 0.353448275862069, 0.351681957186544, 0.359375, 
0.428785607196402, 0.375690607734807, 0.421338155515371, 0.288235294117647, 
0.276595744680851, 0.325670498084291, 0.340236686390533, 0.350574712643678, 
0.394927536231884, 0.323529411764706, 0.325077399380805, 0.348453608247423, 
0.369791666666667, 0.385245901639344, 0.399684044233807, 0.3888, 
0.378378378378378, 0.366925064599483, 0.289772727272727, 0.297435897435897, 
0.312676056338028, 0.306930693069307, 0.300518134715026, 0.348884381338742, 
0.326530612244898, 0.337391304347826, 0.332850940665702, 0.353711790393013, 
0.315642458100559, 0.363787375415282, 0.420138888888889, 0.394074074074074, 
0.201550387596899, 0.272300469483568, 0.283842794759825, 0.324022346368715, 
0.31095406360424, 0.278947368421053, 0.327981651376147, 0.321904761904762, 
0.305799648506151, 0.354609929078014, 0.329787234042553, 0.31858407079646, 
0.350413223140496, 0.450310559006211, 0.295275590551181, 0.257234726688103, 
0.349206349206349, 0.309523809523810, 0.363496932515337, 0.349593495934959, 
0.332023575638507, 0.357429718875502, 0.337614678899083, 0.355670103092784, 
0.342657342657343, 0.355140186915888, 0.346715328467153, 0.34640522875817, 
0.318906605922551, 0.275, 0.328767123287671, 0.329721362229102, 
0.321862348178138, 0.322033898305085, 0.366666666666667, 0.323828920570265, 
0.35, 0.400868306801737, 0.404624277456647, 0.341801385681293, 
0.313609467455621, 0.349019607843137, 0.304812834224599, 0.299145299145299, 
0.4, 0.324050632911392, 0.290849673202614, 0.328125, 0.334033613445378, 
0.357758620689655, 0.330484330484330, 0.353293413173653, 0.406896551724138, 
0.301324503311258, 0.298701298701299, 0.274900398406374, 0.313636363636364, 
0.312056737588652, 0.327014218009479, 0.373814041745731, 0.283653846153846, 
0.354523227383863, 0.337078651685393, 0.352941176470588, 0.399399399399399, 
0.341666666666667, 0.435406698564593, 0.292035398230089, 0.306151645207439, 
0.315254237288136, 0.319148936170213, 0.331081081081081, 0.358447488584475, 
0.347107438016529, 0.349056603773585, 0.375730994152047, 0.352678571428571, 
0.413138686131387, 0.448529411764706, 0.241706161137441, 0.311475409836066, 
0.338842975206612, 0.301136363636364, 0.349462365591398, 0.291836734693878, 
0.317773788150808, 0.331278890600925, 0.331210191082803, 0.335570469798658, 
0.358595194085028, 0.354330708661417, 0.391459074733096, 0.318367346938775, 
0.303030303030303, 0.297297297297297, 0.344311377245509, 0.331753554502370, 
0.320907617504052, 0.370184254606365, 0.349397590361446, 0.339130434782609, 
0.320610687022901, 0.370967741935484, 0.377611940298507, 0.417489421720733, 
0.322033898305085, 0.301075268817204, 0.329310344827586, 0.338028169014085, 
0.317241379310345, 0.323741007194245, 0.377906976744186, 0.345642540620384, 
0.414364640883978, 0.371527777777778, 0.364457831325301, 0.366053169734151, 
0.267206477732794, 0.282208588957055, 0.282608695652174, 0.315352697095436, 
0.268166089965398, 0.298701298701299, 0.365705614567527, 0.347280334728033, 
0.323099415204678, 0.356955380577428, 0.339130434782609, 0.404145077720207, 
0.394849785407725, 0.435045317220544, 0.305882352941176, 0.296875, 
0.326530612244898, 0.326829268292683, 0.285024154589372, 0.308064516129032, 
0.282051282051282, 0.333333333333333, 0.390648567119155, 0.333333333333333, 
0.324324324324324, 0.354107648725212, 0.391724137931034, 0.353075170842825, 
0.339622641509434, 0.301498127340824, 0.313492063492063, 0.325714285714286, 
0.31858407079646, 0.338666666666667, 0.379652605459057, 0.402948402948403, 
0.338781575037147, 0.325581395348837, 0.402694610778443, 0.387586206896552, 
0.311688311688312, 0.304964539007092, 0.341176470588235, 0.312775330396476, 
0.302631578947368, 0.2984375, 0.333333333333333, 0.375796178343949, 
0.390374331550802, 0.358585858585859, 0.349593495934959, 0.322274881516588, 
0.347626339969372, 0.353932584269663, 0.373897707231041, 0.353846153846154, 
0.273730684326711, 0.351713859910581, 0.313069908814590, 0.306569343065693, 
0.371478873239437, 0.380281690140845, 0.356993736951983, 0.330578512396694, 
0.363372093023256, 0.368243243243243, 0.331858407079646, 0.345238095238095, 
0.317241379310345, 0.310344827586207, 0.293706293706294, 0.304733727810651, 
0.311475409836066, 0.306122448979592, 0.364620938628159, 0.368055555555556, 
0.339055793991416, 0.325301204819277, 0.291666666666667, 0.334437086092715, 
0.405172413793103, 0.340836012861736, 0.334047109207709, 0.255172413793103, 
0.284431137724551, 0.322222222222222, 0.295880149812734, 0.308743169398907, 
0.260344827586207, 0.335839598997494, 0.321100917431193, 0.330223880597015, 
0.346314325452017, 0.341463414634146, 0.346224677716390, 0.41651376146789, 
0.222641509433962, 0.214532871972318, 0.265714285714286, 0.259259259259259, 
0.253623188405797, 0.307246376811594, 0.308533916849015, 0.300380228136882, 
0.306122448979592, 0.319852941176471, 0.321192052980132, 0.330618892508143, 
0.289256198347107, 0.345381526104418, 0.320158102766798, 0.257971014492754, 
0.277777777777778, 0.291571753986333, 0.252032520325203, 0.260869565217391, 
0.284883720930233, 0.341614906832298, 0.291666666666667, 0.316526610644258, 
0.288256227758007, 0.314285714285714, 0.341463414634146, 0.317073170731707, 
0.362038664323374, 0.445350734094617, 0.297297297297297, 0.294642857142857, 
0.270114942528736, 0.301724137931034, 0.311068702290076, 0.295392953929539, 
0.361464968152866, 0.298136645962733, 0.348258706467662, 0.329411764705882, 
0.359375, 0.311004784688995, 0.384, 0.308571428571429, 0.389578163771712, 
0.358730158730159, 0.381316998468606, 0.206896551724138, 0.301492537313433, 
0.286644951140065, 0.316698656429942, 0.269503546099291, 0.334437086092715, 
0.321951219512195, 0.304953560371517, 0.329512893982808, 0.318840579710145, 
0.406050955414013, 0.364615384615385, 0.371294851794072, 0.362369337979094, 
0.286195286195286, 0.3203125, 0.261904761904762, 0.305, 0.288306451612903, 
0.300613496932515, 0.352941176470588, 0.330173775671406, 0.315352697095436, 
0.293447293447293, 0.290441176470588, 0.295681063122924, 0.304878048780488, 
0.359583952451709, 0.364372469635628, 0.238938053097345, 0.288032454361055, 
0.314569536423841, 0.347031963470320, 0.324159021406728, 0.368327402135231, 
0.326530612244898, 0.290322580645161, 0.369565217391304, 0.372764786795048, 
0.332432432432432, 0.435413642960813, 0.414878397711016, 0.265100671140940, 
0.369369369369369, 0.312138728323699, 0.324817518248175, 0.331818181818182, 
0.338259441707718, 0.332046332046332, 0.347826086956522, 0.316062176165803, 
0.317585301837270, 0.356223175965665, 0.329881656804734, 0.352092352092352, 
