"reaction.time" <-
structure(list(age = structure(c(1, 1, 1, 1, 1, 1, 1, 1, 1, 1, 
1, 1, 1, 1, 1, 1, 1, 1, 1, 1, 2, 2, 2, 2, 2, 2, 2, 2, 2, 2, 2, 
2, 2, 2, 2, 2, 2, 2, 2, 2, 2, 2, 2, 2, 2, 2, 2, 2, 2, 2, 2, 2, 
2, 2, 2, 2, 2, 2, 2, 2), .Label = c("16-24", "25+"), class = "factor"), 
    gender = structure(c(1, 2, 2, 1, 2, 2, 2, 1, 1, 2, 2, 1, 
    2, 1, 1, 2, 1, 2, 1, 1, 2, 1, 2, 2, 2, 1, 1, 2, 1, 1, 1, 
    1, 2, 1, 2, 2, 1, 2, 1, 2, 1, 1, 1, 2, 1, 1, 1, 2, 1, 1, 
    2, 1, 2, 2, 2, 2, 2, 1, 2, 2), .Label = c("F", "M"), class = "factor"), 
    control = structure(c(2, 2, 2, 2, 2, 1, 2, 2, 2, 1, 2, 2, 
    2, 1, 2, 1, 2, 2, 2, 2, 1, 1, 2, 1, 2, 2, 2, 2, 2, 2, 1, 
    2, 1, 2, 2, 1, 1, 1, 2, 2, 2, 1, 2, 1, 2, 2, 1, 1, 1, 2, 
    2, 1, 2, 2, 2, 1, 1, 2, 2, 2), .Label = c("C", "T"), class = "factor"), 
    time = c(1.36007516082989, 1.46793926451497, 1.51203577079852, 
    1.39064698511248, 1.38420796553537, 1.39387514659079, 1.41904290166530, 
    1.46118691161318, 1.38246093101882, 1.26015181574544, 1.29291651498347, 
    1.33109203336538, 1.36917068493201, 1.33047050936775, 1.34450593198899, 
    1.35786910755937, 1.52024447463040, 1.35239720135104, 1.34842042185113, 
    1.37300033908173, 1.30681250339675, 1.38419196708450, 1.34564309002793, 
    1.5949012551549, 1.34197196086260, 1.47221158862326, 1.44068494526369, 
    1.50275742337737, 1.50154112048402, 1.56281309654974, 1.47585109185953, 
    1.47545552911086, 1.31237552383618, 1.44716010629160, 1.46311793810177, 
    1.29342524825963, 1.4028597654443, 1.24549747982726, 1.47580641092096, 
    1.52010552757513, 1.43707931904797, 1.58361040318297, 1.49924646115717, 
    1.43670132756475, 1.52405555359857, 1.51092884296659, 1.52256305554873, 
    1.46241228593224, 1.31393512977287, 1.44038240637648, 1.44450347145970, 
    1.31695557241702, 1.51743517262991, 1.53644567779342, 1.44486464490253, 
    1.44259920088304, 1.35520628558141, 1.61497948629694, 1.52769852391707, 
    1.46659060353493)), .Names = c("age", "gender", "control", 
"time"), row.names = c("1", "2", "3", "4", "5", "6", "7", "8", 
"9", "10", "11", "12", "13", "14", "15", "16", "17", "18", "19", 
"20", "21", "22", "23", "24", "25", "26", "27", "28", "29", "30", 
"31", "32", "33", "34", "35", "36", "37", "38", "39", "40", "41", 
"42", "43", "44", "45", "46", "47", "48", "49", "50", "51", "52", 
"53", "54", "55", "56", "57", "58", "59", "60"), class = "data.frame")
