"reddrum" <-
structure(list(age = c(2, 3, 3, 3, 3, 3, 4, 4, 4, 5, 5, 6, 6, 
7, 7, 9, 9, 9, 9, 10, 11, 11, 12, 12, 12, 12, 12, 13, 14, 14, 
14, 15, 15, 15, 16, 16, 16, 16, 16, 16, 17, 17, 17, 18, 19, 20, 
20, 20, 20, 20, 20, 21, 21, 21, 22, 22, 22, 22, 22, 23, 23, 23, 
23, 23, 23, 24, 24, 26, 26, 26, 27, 27, 28, 28, 29, 29, 29, 29, 
30, 31, 32, 33, 33, 33, 34, 34, 34, 34, 34, 35, 35, 35, 35, 36, 
36, 36, 38, 38, 39, 40), length = c(21.4027244357183, 26.827893903006, 
27.0764405450832, 24.9655575002805, 25.5347047236977, 27.4185597238891, 
30.2026232802969, 27.9670437408459, 29.0649963430382, 32.7177456924075, 
32.3244878748892, 32.8959021282217, 32.9747368847301, 35.3607358091571, 
33.9465186949774, 35.2567015119385, 34.9637020884964, 34.5843725714846, 
35.0800887954286, 32.0874626483453, 34.9288831032781, 36.2659175757072, 
35.1968724240326, 37.3001959959612, 34.2209627337010, 36.1504717749743, 
37.5367000249543, 36.3257325449127, 35.9728738269557, 36.5927779186083, 
36.7864334713029, 35.6107243000883, 36.7829862002920, 36.5091046909977, 
37.6365772489638, 36.5282820335744, 35.6923685971193, 38.8096577795183, 
37.1529080408116, 37.7770357673521, 37.9243304368981, 37.2590611092177, 
36.5573444074671, 36.1210203417523, 35.8382271538372, 38.110060565837, 
38.6938891740685, 35.1637533371105, 39.5878127599282, 40.0765575825939, 
37.3227491858832, 36.9329623303341, 38.4839615264017, 37.919596954294, 
37.9294050984507, 39.6850455096988, 39.1907715112341, 39.241480350878, 
37.6725324174699, 38.7746720945032, 38.1813917443096, 40.3815215581595, 
37.900119476814, 38.1488335378735, 38.0359453569198, 40.4324443031755, 
40.2080737588044, 40.2147016912137, 38.6434936891521, 38.7400656690261, 
40.5282425093370, 39.2290670974315, 40.9969415503763, 43.6243030440056, 
41.3229001764348, 41.068240012153, 39.4801436334189, 41.7441480150451, 
43.6477291196867, 39.1804314328159, 41.4833747342306, 40.8161158975974, 
42.1629390711082, 42.6042187012227, 43.8235502652987, 41.8885327543681, 
43.0062170136062, 41.2053531293772, 41.3288459489999, 43.4051319477748, 
41.6654898375049, 43.0991795081787, 43.2763751660996, 43.185584731693, 
43.3581501698373, 43.8256518165449, 42.5530392114678, 43.2950074594588, 
44.3290896736893, 44.109553862369)), .Names = c("age", "length"
), row.names = c("1", "2", "3", "4", "5", "6", "7", "8", "9", 
"10", "11", "12", "13", "14", "15", "16", "17", "18", "19", "20", 
"21", "22", "23", "24", "25", "26", "27", "28", "29", "30", "31", 
"32", "33", "34", "35", "36", "37", "38", "39", "40", "41", "42", 
"43", "44", "45", "46", "47", "48", "49", "50", "51", "52", "53", 
"54", "55", "56", "57", "58", "59", "60", "61", "62", "63", "64", 
"65", "66", "67", "68", "69", "70", "71", "72", "73", "74", "75", 
"76", "77", "78", "79", "80", "81", "82", "83", "84", "85", "86", 
"87", "88", "89", "90", "91", "92", "93", "94", "95", "96", "97", 
"98", "99", "100"), class = "data.frame")
