"salmonharvest" <-
structure(as.integer(c(675, 823, 877, 828, 667, 721, 616, 680, 
589, 572, 666, 613, 607, 650, 670, 646, 500, 650, 560, 33296, 
36348, 28954, 52874, 38428, 38960, 32207, 35431, 30038, 44139, 
52771, 44620, 58713, 64660, 52790, 63510, 50270, 30910, 22650, 
3115, 3416, 6049, 3653, 5374, 5730, 6293, 3493, 4473, 4650, 5478, 
6145, 7089, 6040, 9560, 6375, 6150, 2900, 4590, 63304, 60090, 
64849, 60343, 76277, 90351, 77304, 46493, 50357, 96869, 88252, 
124124, 60510, 109710, 116720, 128100, 97310, 71280, 104790, 
9603, 12613, 11090, 10222, 13105, 10566, 12510, 10527, 15102, 
7895, 8008, 9752, 9764, 12180, 16150, 18900, 21856, 15620, 18920
)), .Dim = as.integer(c(19, 5)), .Dimnames = list(NULL, c("Chinook", 
"Sockeye", "Coho", "Pink", "Chum")), .Tsp = c(1980, 1998, 1), class = c("mts", 
"ts"))
