"salmon.rate" <-
c(0.00329570896474429, 0.00454239852440151, 0.00134991706533814, 
0.00537121709411475, 0.000730288142893882, 0.0079389927734628, 
0.000618973798471718, 0.0678289590975218, 0.0118366779949548, 
0.000757055946290751, 0.0416221059281180, 0.0549750430307496, 
0.00124483523730713, 0.0119910490793834, 0.00609111954488948, 
0.00208344811318590, 0.00164037057530947, 0.00784687425965098, 
0.000992937768270652, 0.00321905970144008, 0.0119298697793821, 
0.125744456124675, 0.00123973374046987, 0.0052303655647154, 0.00277236787860627, 
0.00272072129143236, 0.00587884326542007, 0.00323946753941915, 
0.0607477123616714, 0.0277212451146128, 0.00518466018712785, 
0.00197699255718984, 0.0129629633566475, 0.00712896471271154, 
0.0069694655771818, 0.0305683226841481, 0.00109094688919135, 
0.0219024030285118, 0.00194446848797512, 0.00257993071856310, 
0.00673090120710293, 0.0181346221713417, 0.00217275478486826, 
0.0115980875173999, 0.00308339613353465, 0.00403282500492438, 
0.00152274554821054, 0.0389437874357821, 0.00339400443309941, 
0.0182083963623686, 0.00156923759981046, 0.0017217864937332, 
0.00197021133595406, 0.007902962427107, 0.00492599286813152, 
0.00891050391082835, 0.0115364574608523, 0.0240510045775621, 
0.000934210427274613, 0.0206367804632673, 0.00855260327626969, 
0.00684037642366259, 0.0262958708555988, 0.00312158285298964, 
0.00408176143060901, 0.0104582401230174, 0.081138206982183, 0.00391902378583237, 
0.00321968167176603, 0.0551593491536542, 0.0160465371635719, 
0.00195343349333347, 0.0426852283841057, 0.00291525616466009, 
0.00744903508080417, 0.00546075649211175, 0.0213064377898433, 
0.00791746456905549, 0.0432410779289461, 0.0084867734925761, 
0.021604636737093, 0.00526752219955328, 0.00484996624177438)
