"samhda" <-
structure(list(wt = c(6482.7838, 958.0035, 4650.34, 3447.0998, 
5200.5747, 3956.8443, 1905.1062, 6223.7833, 658.8472, 6571.4275, 
7812.0633, 4421.8246, 4738.8866, 5312.5591, 3110.346, 3280.8638, 
3110.346, 5114.1929, 10356.5925, 743.3739, 441.1419, 12332.6145, 
5866.7607, 8757.5344, 7812.0633, 3897.4035, 3059.3064, 8015.2723, 
1078.2394, 3202.8284, 5312.5591, 8323.3558, 554.2575, 4421.8246, 
10066.1923, 3390.5378, 3016.9951, 8105.6358, 8015.2723, 1733.7645, 
4220.9932, 2314.5281, 1667.3085, 5390.5509, 12332.6145, 401.9582, 
3432.6767, 807.7021, 1073.6385, 9563.7538, 7418.1222, 7950.9478, 
3771.158, 6782.1535, 8015.2723, 6571.4275, 1379.7795, 5866.7607, 
5352.0896, 1196.3726, 10066.1923, 223.7805, 3059.3064, 1406.9528, 
265.4249, 7062.51, 639.1653, 958.0035, 9563.7538, 8323.3558, 
737.6305, 821.2376, 5866.7607, 6223.7833, 2518.4789, 954.4005, 
2452.4347, 6838.0489, 9217.2004, 1073.6385, 6493.9961, 1150.3524, 
10066.1923, 8323.3558, 9563.7538, 3447.0998, 4561.2354, 6223.7833, 
8323.3558, 975.9796, 629.57, 6223.7833, 4421.8246, 6571.4275, 
7062.51, 9217.2004, 1304.8002, 5731.1672, 2541.0682, 910.5327, 
5312.5591, 10066.1923, 613.086, 1905.1062, 1078.6077, 940.7657, 
3202.8284, 895.5782, 1000.786, 7062.51, 8757.5344, 1667.3085, 
1271.3006, 3224.6236, 610.0022, 9217.2004, 620.9416, 737.5948, 
813.1386, 9563.7538, 4655.4369, 200.4046, 1587.6193, 1788.7596, 
512.7928, 6617.6012, 620.9416, 1587.6193, 6482.7838, 5390.5509, 
748.851, 4421.8246, 3714.79, 610.0022, 8323.3558, 1261.9037, 
7950.9478, 6782.1535, 6223.7833, 5383.8429, 3660.6821, 9217.2004, 
2964.4757, 9217.2004, 1236.2514, 1589.1258, 3708.3536, 418.1568, 
2261.5691, 1172.9274, 1041.8173, 3798.2483, 1258.7001, 2738.7947, 
6482.7838, 6617.6012, 1547.9489, 1295.5703, 552.1105, 1220.5096, 
3789.5575, 1078.2394, 1379.7795, 7812.0633, 603.6637, 6223.7833, 
8757.5344, 6782.1535, 9563.7538, 10356.5925, 8015.2723, 5352.0896, 
1383.2817, 5352.0896, 559.5349, 6571.4405, 3741.9766, 857.7517, 
438.9845, 255.7931, 6223.7833, 5484.279, 6782.1535, 1589.1258, 
2496.796, 6245.8787, 2781.1643, 517.8535, 4285.3845, 8323.3558, 
4421.8246, 8167.833, 976.7533, 2826.9102, 5494.9198, 602.0604, 
1252.6996, 5866.7607, 2995.2062, 8015.2723, 5007.0376, 5513.7225, 
4234.2961, 2317.5904, 3741.9766, 1406.9528, 7950.9478, 4430.1976, 
620.9416, 6223.7833, 4318.4373, 2915.5595, 1194.3647, 2946.3962, 
1825.5504, 3741.9766, 5200.5747, 5007.0376, 919.4108, 6223.7833, 
613.086, 5312.5591, 1788.7596, 3390.5378, 8015.2723, 5200.5747, 
1252.6996, 6245.8787, 7709.0313, 1330.4367, 905.4803, 910.5327, 
3390.5378, 3883.0107, 6223.7833, 1825.5504, 1822.577, 5007.0376, 
3818.0291, 5765.7728, 1774.7546, 2995.2062, 8757.5344, 1022.4256, 
1396.3573, 6617.6012, 411.2082, 3462.0552, 1788.7596, 193.5112, 
1825.5504, 1319.1555, 685.8556, 3202.8284, 1450.6718, 9563.7538, 
8323.3558, 6482.7838, 10066.1923, 1252.6996, 198.3744, 4421.8246, 
881.4522, 3376.6134, 5390.5509, 8167.833, 5390.5509, 4285.3845, 
1146.5337, 1446.3718, 3153.8767, 1788.7596, 6223.7833, 1605.1471, 
919.116, 3202.8284, 256.9484, 5731.1672, 5383.8429, 8015.2723, 
744.427, 6223.7833, 4655.4369, 3661.8795, 9563.7538, 613.086, 
6571.4275, 1194.3647, 1319.1555, 403.264, 739.2395, 9563.7538, 
2752.824, 9217.2004, 1304.8002, 717.3913, 629.57, 3149.7866, 
9563.7538, 8757.5344, 8757.5344, 276.5914, 2104.1485, 8105.6358, 
8105.6358, 743.3739, 1103.0564, 5866.7607, 7950.9478, 1148.575, 
1151.6181, 5114.1929, 1182.4101, 4285.3845, 8757.5344, 3390.5378, 
2205.2107, 1774.7546, 629.57, 1304.8002, 1304.8002, 6223.7833, 
1379.7795, 5745.1663, 7356.4138, 2904.9391, 6223.7833, 5383.8429, 
6223.7833, 9563.7538, 2964.4757, 811.278, 2902.1006, 2995.2062, 
934.6037, 5352.0896, 7356.4138, 2902.1006, 90.8442, 3741.9766, 
5866.7607, 485.8037, 2915.5595, 7062.51, 6223.7833, 949.2789, 
881.4522, 1490.1373, 527.3184, 8105.6358, 1150.3524, 4318.4373, 
7688.4043, 3340.2289, 198.3744, 5390.5509, 1506.5522, 6223.7833, 
1587.6193, 107.7657, 418.1568, 3202.8284, 6782.1535, 418.1568, 
1905.1062, 6782.1535, 1325.9492, 8015.2723, 4655.4369, 572.9151, 
1915.9296, 1304.8002, 833.5929, 8015.2723, 3202.8284, 910.5327, 
5866.7607, 527.3184, 2541.0682, 6223.7833, 8015.2723, 10066.1923, 
1398.0733, 1304.8002, 807.7021, 7381.2368, 2314.5281, 5383.8429, 
403.264, 8323.3558, 739.2395, 279.4147, 6223.7833, 5200.5747, 
1000.786, 6223.7833, 7062.51, 6571.4405, 4410.5048, 6223.7833, 
5866.7607, 3390.5378, 1120.7388, 12332.6145, 10356.5925, 3661.8795, 
754.2199, 1401.7581, 2975.8049, 990.9934, 3110.346, 7062.51, 
1151.6181, 8323.3558, 4410.5048, 807.7021, 1736.0344, 4220.9932, 
198.3744, 2826.9102, 6223.7833, 8210.3153, 655.6715, 6782.1535, 
6223.7833, 1304.8002, 3202.8284, 5200.5747, 744.427, 8105.6358, 
8015.2723, 95.6492, 4655.4369, 2964.4757, 5484.279, 4220.9932, 
8210.3153, 5383.8429, 3202.8284, 1314.5165, 603.6637, 1406.9528, 
7062.51, 1258.7001, 2216.3014, 2317.5904, 9563.7538, 2826.9102, 
5352.0896, 207.2443, 341.9093, 6223.7833, 1383.2817, 6571.4275, 
1788.7596, 1188.0225, 1864.9068, 2452.4347, 1304.8002, 6571.4405, 
1365.2778, 8757.5344, 12796.303, 2432.6876, 3447.0998, 1220.5096, 
1587.6193, 1730.7635, 3741.9766, 7950.9478, 9563.7538, 1736.0344, 
4234.2961, 895.5782, 4318.4373, 1587.6193, 5866.7607, 4655.4369, 
4285.3845, 5352.0896, 4430.1976, 1146.5337, 5866.7607, 4561.2354, 
572.9151, 1182.4101, 6223.7833, 6571.4405, 8210.3153, 2261.5691, 
2995.2062, 8167.833, 1150.3524, 2518.4789, 2995.2062, 8105.6358, 
389.7139, 3432.6767, 5114.1929, 1188.7952, 4911.4046, 591.5778, 
501.8531, 8015.2723, 2594.0487, 1915.9296, 754.2199, 851.7511, 
4234.2961, 5390.5509, 4696.9549, 5352.0896, 3432.6767, 976.7533, 
10356.5925, 3661.8795, 1587.6193, 4421.8246, 7814.4998, 905.4803, 
81.0087, 905.4803, 1078.2394, 279.4147, 3447.0998, 2542.1884, 
4810.4048, 1252.6996, 2104.1485, 7709.0313, 287.0342, 399.3711, 
2021.6831, 4561.2354, 6782.1535, 4318.4373, 8105.6358, 1589.7934, 
8015.2723, 6223.7833, 10356.5925, 8210.3153, 1852.235, 1380.636, 
1905.1062, 713.5475, 6223.7833, 4220.9932, 3897.4035, 3447.0998, 
1073.6385, 1626.2836, 3897.4035, 2995.2062, 1059.0781, 2902.1006, 
8137.1595, 389.7139, 4498.1474, 28.0644, 6223.7833, 8105.6358, 
6223.7833, 631.101, 5200.5747, 294.376, 4655.4369, 1825.5504, 
4738.8866, 1314.5165, 5390.5509, 2317.5904, 195.4126, 1905.1062, 
3447.0998, 537.2579, 1589.7934, 6842.7902, 8323.3558, 3818.0291, 
1905.1062, 1868.6726, 4234.2961, 2484.8248, 1363.5526, 2485.9298, 
8757.5344, 6223.7833, 226.8023, 381.5483, 2902.1006, 7950.9478, 
247.0362, 3771.158, 1304.8002, 1389.134, 6245.8787, 812.8721, 
713.5475, 3447.0998),