"slc" <-
c(0.4670000076, 0.4300000072, 0.1920000017, 0.1920000017, 0.2930000126, 
0.1599999964, 0.1640000045, 0.126000002, 0.3280000091, 0.202000007, 
0.2820000052, 0.3280000091, 0.2469999939, 0.1319999993, 0.1379999965, 
0.2240000069, 0.5120000243, 0.2210000008, 0.2520000041, 0.1930000037, 
0.2630000114, 0.1860000044, 0.3459999859, 0.2189999968, 0.1770000011, 
0.3490000069, 0.2720000148, 0.2450000048, 0.2129999995, 0.1969999969, 
0.2290000021, 0.2450000048, 0.2099999934, 0.2809999883, 0.174999997, 
0.2730000019, 0.4390000105, 0.4709999859, 0.451000005, 0.2370000035, 
0.3129999936, 0.1360000074, 0.2450000048, 0.3910000026, 0.3490000069, 
0.1580000073, 0.2520000041, 0.4160000086, 0.2319999933, 0.1829999983, 
0.2540000081, 0.1949999928, 0.1410000026, 0.1509999931, 0.07299999893, 
0.3000000119, 0.2310000062, 0.07500000298, 0.2080000043, 0.2669999897, 
0.1870000064, 0.2440000027, 0.2450000048, 0.2310000062, 0.1669999957, 
0.3370000124, 0.2509999871, 0.2090000063, 0.1809999943, 0.4110000134, 
0.1909999996, 0.2879999876, 0.2800000012, 0.1190000027, 0.3939999938, 
0.4429999888, 0.4230000079, 0.5339999795, 0.3930000067, 0.2730000019, 
0.1490000039, 0.224999994, 0.1589999944, 0.1700000018, 0.3289999962, 
0.1829999983, 0.2619999945, 0.25, 0.1790000051, 0.3289999962, 
0.2529999912, 0.2700000107, 0.3100000024, 0.3210000098, 0.3330000043, 
0.2840000093, 0.3799999952, 0.2220000029, 0.1780000031, 0.2649999857, 
0.2890000045, 0.199000001, 0.3089999855, 0.2790000141, 0.1940000057, 
0.2029999942, 0.1389999986, 0.1620000005, 0.2509999871, 0.6190000176, 
0.3429999948, 0.1550000012, 0.3400000036, 0.3319999874, 0.4120000005, 
0.2179999948, 0.3039999902, 0.2610000074, 0.2060000002, 0.2310000062, 
0.1819999963, 0.2669999897, 0.1979999989, 0.1909999996, 0.2579999864, 
0.1790000051, 0.1969999969, 0.1879999936, 0.202000007, 0.150000006, 
0.201000005, 0.2549999952, 0.2930000126, 0.2549999952, 0.1889999956, 
0.4140000045, 0.2919999957, 0.2529999912, 0.1679999977, 0.2949999869, 
0.2150000036, 0.2129999995, 0.2669999897, 0.2160000056, 0.2639999986, 
0.1379999965, 0.2389999926, 0.2879999876, 0.3109999895, 0.4140000045, 
0.4620000124, 0.3610000014, 0.6230000257, 0.199000001, 0.2150000036, 
0.3210000098, 0.2730000019, 0.2590000033, 0.2060000002, 0.3759999871, 
0.2280000001, 0.1550000012, 0.1860000044, 0.09700000286, 0.1790000051, 
0.173999995, 0.3860000074, 0.3930000067, 0.1979999989, 0.2430000007, 
0.326000005, 0.25, 0.5899999738, 0.4609999955, 0.3610000014, 
0.3210000098, 0.2360000014, 0.1389999986, 0.3160000145, 0.3129999936, 
0.2630000114, 0.1800000072, 0.1840000004, 0.3540000021, 0.2639999986, 
0.2689999938, 0.1710000038, 0.3589999974, 0.3379999995, 0.1630000025
)
