"tcm1y" <-
structure(c(2.36, 2.48, 2.45, 2.38, 2.28, 2.2, 1.79, 1.67, 1.66, 
1.41, 1.14, 1.13, 0.96, 0.85, 0.82, 0.84, 0.88, 1.03, 1.17, 1.14, 
1.21, 1.39, 1.57, 1.59, 1.75, 1.9, 1.91, 2.02, 2.37, 2.36, 2.39, 
2.48, 2.73, 2.58, 2.49, 2.61, 2.92, 2.94, 2.74, 2.76, 3.1, 3.35, 
3.28, 3.44, 3.68, 3.37, 3.38, 3.42, 3.49, 3.48, 3.65, 3.81, 4.01, 
4.07, 4.01, 3.57, 3.18, 2.65, 1.99, 1.84, 1.45, 1.37, 1.23, 1.61, 
2.5, 3.05, 3.19, 3.1, 3.29, 3.36, 3.54, 3.61, 3.72, 3.96, 4.07, 
4.39, 4.42, 5, 4.8, 4.81, 5.14, 5.03, 4.66, 4.02, 4.04, 4.21, 
3.36, 3.2, 2.95, 3.07, 3.04, 3.08, 2.86, 2.81, 2.93, 2.88, 2.88, 
2.87, 3.06, 2.92, 3.06, 3.06, 3.05, 3.07, 3.18, 3.28, 3.28, 3.06, 
2.99, 3.03, 3.03, 3.29, 3.2, 3.06, 2.98, 3, 3.01, 3.04, 3.01, 
3.03, 3.11, 3.12, 3.2, 3.48, 3.53, 3.57, 3.64, 3.74, 3.81, 3.79, 
3.78, 3.91, 3.91, 3.84, 3.83, 3.72, 3.74, 3.84, 3.86, 3.91, 4.02, 
3.94, 4.03, 4.06, 4.04, 4.03, 3.99, 3.98, 4.07, 4.2, 4.3, 4.37, 
4.72, 4.88, 4.94, 4.97, 4.9, 4.93, 4.97, 5.17, 5.54, 5.82, 5.58, 
5.54, 5.2, 4.75, 4.71, 4.35, 4.11, 4.15, 4.48, 5.01, 5.13, 5.24, 
5.37, 5.61, 5.71, 5.43, 5.41, 5.58, 5.71, 6.14, 5.98, 5.65, 5.43, 
5.45, 5.57, 5.75, 6.19, 6.34, 6.41, 6.34, 6.26, 6.42, 7.04, 7.6, 
7.54, 7.82, 7.64, 7.89, 8.17, 8.1, 7.59, 6.97, 7.06, 7.75, 7.55, 
7.1, 6.98, 6.73, 6.43, 5.51, 5, 4.57, 3.89, 3.69, 4.3, 5.04, 
5.64, 6.04, 5.8, 5.41, 4.91, 4.67, 4.6, 4.28, 4.27, 4.67, 4.96, 
4.64, 4.93, 4.96, 4.98, 5.52, 5.52, 5.27, 5.52, 5.89, 6.19, 6.85, 
6.85, 6.89, 7.31, 8.39, 8.82, 8.31, 7.4, 7.57, 7.27, 7.42, 6.88, 
7.76, 8.62, 8.78, 8.67, 8.8, 9.36, 8.87, 8.05, 7.66, 7.31, 6.83, 
5.98, 6.11, 6.9, 6.39, 6.29, 7.11, 7.7, 7.75, 6.95, 6.49, 6.6, 
5.81, 5.91, 6.21, 5.92, 6.4, 6.52, 6.2, 6, 5.84, 5.5, 5.29, 4.89, 
5.29, 5.47, 5.5, 5.44, 5.84, 5.8, 5.94, 6.37, 6.53, 6.97, 6.95, 
6.96, 7.28, 7.34, 7.31, 7.45, 7.82, 8.09, 8.39, 8.31, 8.64, 9.14, 
10.01, 10.3, 10.41, 10.24, 10.25, 10.12, 10.12, 9.57, 9.64, 9.98, 
10.84, 12.44, 12.39, 11.98, 12.06, 13.92, 15.82, 13.3, 9.39, 
8.16, 8.65, 10.24, 11.52, 12.49, 14.15, 14.88, 14.08, 14.57, 
13.71, 14.32, 16.2, 14.86, 15.72, 16.72, 16.52, 15.38, 12.41, 
12.85, 14.32, 14.73, 13.95, 13.98, 13.34, 14.07, 13.24, 11.43, 
10.85, 9.32, 9.16, 8.91, 8.62, 8.92, 9.04, 8.98, 8.9, 9.66, 10.2, 
10.53, 10.16, 9.81, 9.94, 10.11, 9.9, 10.04, 10.59, 10.9, 11.66, 
12.08, 12.03, 11.82, 11.58, 10.9, 9.82, 9.33, 9.02, 9.29, 9.86, 
9.14, 8.46, 7.8, 7.86, 8.05, 8.07, 8.01, 7.88, 7.67, 7.73, 7.61, 
7.03, 6.44, 6.65, 6.73, 6.27, 5.93, 5.77, 5.72, 5.8, 5.87, 5.78, 
5.96, 6.03, 6.5, 7, 6.8, 6.68, 7.03, 7.67, 7.59, 6.96, 7.17, 
6.99, 6.64, 6.71, 7.01, 7.4, 7.49, 7.75, 8.17, 8.09, 8.11, 8.48, 
8.99, 9.05, 9.25, 9.57, 9.36, 8.98, 8.44, 7.89, 8.18, 8.22, 7.99, 
7.77, 7.72, 7.92, 8.11, 8.35, 8.4, 8.32, 8.1, 7.94, 7.78, 7.76, 
7.55, 7.31, 7.05, 6.64, 6.27, 6.4, 6.24, 6.13, 6.36, 6.31, 5.78, 
5.57, 5.33, 4.89, 4.38, 4.15, 4.29, 4.63, 4.3, 4.19, 4.17, 3.6, 
3.47, 3.18, 3.3, 3.68, 3.71, 3.5, 3.39, 3.33, 3.24, 3.36, 3.54, 
3.47, 3.44, 3.36, 3.39, 3.58, 3.61, 3.54, 3.87, 4.32, 4.82, 5.31, 
5.27, 5.48, 5.56, 5.76, 6.11, 6.54, 7.14, 7.05, 6.7, 6.43, 6.27, 
6, 5.64, 5.59, 5.75, 5.62, 5.59, 5.43, 5.31, 5.09, 4.94, 5.34, 
5.54, 5.64, 5.81, 5.85, 5.67, 5.83, 5.55, 5.42, 5.47, 5.61, 5.53, 
5.8, 5.99, 5.87, 5.69, 5.54, 5.56, 5.52, 5.46, 5.46, 5.53, 5.24, 
5.31, 5.39, 5.38, 5.44, 5.41, 5.36, 5.21, 4.71, 4.12, 4.53, 4.52, 
4.51, 4.7, 4.78, 4.69, 4.85, 5.1, 5.03, 5.2, 5.25), .Tsp = c(1953.25, 
1999.66666666667, 12), class = "ts")
