"tempsalinity" <-
structure(c(270.9187, 270.9185, 270.8409, 270.7115, 270.6939, 
270.7689, 270.8195, 270.6966, 270.5082, 270.5945, 270.9099, 271.0042, 
270.7747, 270.5547, 270.6337, 270.7501, 270.5641, 270.2059, 270.0348, 
270.1536, 270.2458, 270.0758, 269.7237, 269.5089, 269.5767, 269.7686, 
269.8322, 269.7186, 269.5978, 269.6846, 269.7664, 269.6686, 269.4968, 
269.3452, 269.407, 269.4225, 269.2982, 269.2091, 269.1237, 269.0632, 
269.0455, 269.0578, 269.0588, 269.0959, 269.196, 269.1056, 268.8211, 
268.5958, 268.4695, 268.3982, 268.2748, 268.0926, 267.8273, 267.7095, 
267.7706, 267.9281, 268.0355, 268.0117, 267.8836, 267.742, 267.66, 
267.5765, 267.5109, 267.5048, 267.6298, 267.9406, 268.3629, 268.7674, 
269.1237, 269.4545, 269.8042, 270.1116, 270.2302, 270.1592, 269.9831, 
269.8063, 269.6316, 269.4515, 269.2714, 269.1367, 269.0674, 269.0344, 
268.9809, 268.8922, 268.7604, 268.5671, 268.3231, 268.1009, 267.9147, 
267.7263, 267.5401, 267.3631, 267.2055, 267.1059, 267.0479, 267.015, 
267.0169, 267.0493, 267.1148, 267.1851, 267.2228, 267.2217, 267.2538, 
267.3262, 267.3409, 267.3241, 267.3123, 267.2755, 267.2145, 267.1755, 
267.1578, 267.1171, 267.0612, 267.0223, 266.9792, 266.9086, 266.8706, 
266.8576, 266.8036, 266.7337, 266.6885, 266.6264, 266.5355, 266.5262, 
266.5125, 266.3911, 266.3141, 266.2666, 266.2124, 266.2201, 266.209, 
266.1522, 266.0977, 266.0283, 265.9227, 265.7355, 265.4889, 265.1748, 
264.7928, 264.3613, 263.9216, 263.6186, 263.2953, 263.0288, 263.018, 
263.0485, 263.0702, 263.328, 263.5729, 263.6345, 25.7966, 25.7676, 
25.6341, 25.5966, 25.6895, 25.7304, 25.6003, 25.456, 25.528, 
25.7419, 25.6773, 25.3878, 25.1745, 25.2678, 25.3757, 25.2016, 
24.9605, 25.0108, 25.2622, 25.3322, 25.1802, 25.0444, 25.1138, 
25.3778, 25.5427, 25.5229, 25.3786, 25.3174, 25.4226, 25.5129, 
25.3706, 25.2365, 25.1958, 25.3184, 25.3835, 25.292, 25.2478, 
25.2309, 25.2276, 25.2803, 25.3096, 25.3137, 25.3172, 25.3658, 
25.3331, 25.2032, 25.1412, 25.146, 25.157, 25.1677, 25.173, 25.1108, 
25.1244, 25.333, 25.5302, 25.57, 25.5191, 25.4506, 25.4051, 25.4266, 
25.4669, 25.4939, 25.5603, 25.7111, 25.9344, 26.0914, 26.0642, 
25.9128, 25.7316, 25.5199, 25.3099, 25.096, 24.8567, 24.6228, 
24.4234, 24.3088, 24.274, 24.2856, 24.2996, 24.2641, 24.217, 
24.196, 24.2085, 24.1898, 24.1261, 24.0168, 23.8546, 23.6893, 
23.54, 23.4179, 23.3216, 23.2542, 23.182, 23.0906, 23.0006, 22.9099, 
22.8002, 22.6701, 22.5555, 22.4597, 22.389, 22.3083, 22.2093, 
22.1352, 22.0619, 21.962, 21.8422, 21.7282, 21.6091, 21.4604, 
21.3334, 21.2356, 21.1048, 20.9582, 20.8447, 20.7492, 20.6592, 
20.6043, 20.5671, 20.5263, 20.4809, 20.4578, 20.396, 20.3154, 
20.2879, 20.2708, 20.2364, 20.2194, 20.1697, 20.0778, 20.0171, 
19.9238, 19.736, 19.5676, 19.4179, 19.255, 19.0357, 18.8711, 
18.8889, 19.0451, 19.4352, 19.9542, 20.5366, 21.2469, 22.0502, 
22.8495, 23.6363, 24.2231, 24.6088, 24.9591, 19.9725, 19.9219, 
19.84, 20.0156, 20.0791, 19.8795, 19.8867, 19.8951, 19.812, 19.7006, 
19.5378, 19.5893, 19.5449, 19.5025, 19.4528, 19.6292, 19.5719, 
19.5437, 19.5108, 19.5532, 19.4687, 19.4537, 19.3519, 19.3205, 
19.3379, 19.4047, 19.3591, 19.3686, 19.4079, 19.3555, 19.2059, 
19.0683, 19.0187, 19.0049, 19.0254, 19.0208, 19.0164, 19.0212, 
18.9793, 18.9448, 18.9357, 18.923, 18.9021, 18.889, 18.9071, 
18.896, 18.9154, 18.993, 18.9197, 18.9375, 18.9128, 18.8828, 
18.8555, 18.8155, 18.7532, 18.7467, 18.6959, 18.6395, 18.6182, 
18.5218, 18.4776, 18.4248, 18.369, 18.2199, 18.1442, 18.2004, 
18.375, 18.3331, 18.2289, 18.2197, 18.0927, 17.9085, 17.8799, 
17.9232, 17.9436, 17.934, 17.9175, 17.9723, 18.0318, 17.9913, 
18.0061, 17.9766, 17.9859, 18.0617, 18.0094, 18.0187, 18.0878, 
17.9296, 17.9543, 17.9079, 17.9776, 18.0781, 17.9367, 17.6762, 
17.7357, 17.7113, 17.6864, 17.6847, 17.6745, 17.6584, 17.628, 
17.5829, 17.4669, 17.4418, 17.5781, 17.7216, 17.938, 18.1892, 
18.2551, 17.6431, 17.2694, 17.4233, 17.1397, 16.8653, 17.1201, 
17.0935, 17.1757, 17.3699, 17.3354, 17.0744, 17.0793, 17.657, 
17.6095, 17.4321, 17.527, 17.5476, 17.2333, 17.3086, 17.4886, 
16.8547, 16.5743, 16.8553, 16.3027, 16.5491, 16.4089, 16.5641, 
16.3267, 16.5581, 16.2434, 16.2987, 15.9605, 17.3581, 17.5926, 
17.3006, 16.9419, 16.1855, 16.414, 16.3449, 16.9031, 17.0196, 
28.1892, 28.2066, 28.2006, 28.2073, 28.1989, 28.2054, 28.1977, 
28.1862, 28.1809, 28.1846, 28.1791, 28.1788, 28.1764, 28.172, 
28.1789, 28.1817, 28.1922, 28.2128, 28.2096, 28.2044, 28.1857, 
28.2054, 28.2064, 28.2112, 28.2108, 28.2029, 28.208, 28.2061, 
28.2046, 28.1824, 28.179, 28.1836, 28.1875, 28.1908, 28.1859, 
28.1855, 28.1841, 28.1882, 28.1925, 28.1902, 28.1908, 28.1926, 
28.192, 28.1914, 28.1932, 28.1979, 28.2225, 28.2147, 28.2157, 
28.217, 28.2158, 28.2211, 28.2245, 28.2088, 28.2043, 28.2078, 
28.2071, 28.2075, 28.2234, 28.2087, 28.2027, 28.1993, 28.1947, 
28.188, 28.1923, 28.2061, 28.2529, 28.2318, 28.2288, 28.231, 
28.2454, 28.2445, 28.2413, 28.2497, 28.2477, 28.2542, 28.249, 
28.258, 28.2703, 28.2645, 28.2625, 28.2571, 28.258, 28.259, 28.2515, 
28.2643, 28.3115, 28.2823, 28.2904, 28.2711, 28.3067, 28.3336, 
28.3014, 28.275, 28.2838, 28.2811, 28.2737, 28.2711, 28.2733, 
28.2872, 28.2826, 28.2891, 28.277, 28.2779, 28.2951, 28.3253, 
28.3726, 28.3682, 28.359, 28.2958, 28.2402, 28.2597, 28.2083, 
28.1682, 28.1902, 28.2046, 28.2106, 28.2327, 28.2154, 28.1754, 
28.1671, 28.2205, 28.2077, 28.1969, 28.214, 28.1934, 28.1965, 
28.1923, 28.2111, 28.1495, 28.1125, 28.153, 28.0756, 28.109, 
28.0655, 28.0516, 27.9941, 28.0204, 27.9918, 27.975, 27.9848, 
28.0762, 28.0346, 28.0142, 27.9634, 27.9377, 27.9529, 27.9546, 
28.027, 27.9921), .Dim = as.integer(c(150, 4)), .Dimnames = list(
    c("1", "2", "3", "4", "5", "6", "7", "8", "9", "10", "11", 
    "12", "13", "14", "15", "16", "17", "18", "19", "20", "21", 
    "22", "23", "24", "25", "26", "27", "28", "29", "30", "31", 
    "32", "33", "34", "35", "36", "37", "38", "39", "40", "41", 
    "42", "43", "44", "45", "46", "47", "48", "49", "50", "51", 
    "52", "53", "54", "55", "56", "57", "58", "59", "60", "61", 
    "62", "63", "64", "65", "66", "67", "68", "69", "70", "71", 
    "72", "73", "74", "75", "76", "77", "78", "79", "80", "81", 
    "82", "83", "84", "85", "86", "87", "88", "89", "90", "91", 
    "92", "93", "94", "95", "96", "97", "98", "99", "100", "101", 
    "102", "103", "104", "105", "106", "107", "108", "109", "110", 
    "111", "112", "113", "114", "115", "116", "117", "118", "119", 
    "120", "121", "122", "123", "124", "125", "126", "127", "128", 
    "129", "130", "131", "132", "133", "134", "135", "136", "137", 
    "138", "139", "140", "141", "142", "143", "144", "145", "146", 
    "147", "148", "149", "150"), c("longitude", "latitude", "temperature", 
    "salinity")), index = structure(c(10882, 10883, 10884, 10885, 
10886, 10887, 10888, 10889, 10890, 10891, 10892, 10893, 10894, 
10895, 10896, 10897, 10898, 10899, 10900, 10901, 10902, 10903, 
10904, 10905, 10906, 10907, 10908, 10909, 10910, 10911, 10912, 
10913, 10914, 10915, 10916, 10917, 10918, 10919, 10920, 10921, 
10922, 10923, 10924, 10925, 10926, 10927, 10928, 10929, 10930, 
10931, 10932, 10933, 10934, 10935, 10936, 10937, 10938, 10939, 
10940, 10941, 10942, 10943, 10944, 10945, 10946, 10947, 10948, 
10949, 10950, 10951, 10952, 10953, 10954, 10955, 10956, 10957, 
10958, 10959, 10960, 10961, 10962, 10963, 10964, 10965, 10966, 
10967, 10968, 10969, 10970, 10971, 10972, 10973, 10974, 10975, 
10976, 10977, 10978, 10979, 10980, 10981, 10982, 10983, 10984, 
10985, 10986, 10987, 10988, 10989, 10990, 10991, 10992, 10993, 
10994, 10995, 10996, 10997, 10998, 10999, 11000, 11001, 11002, 
11003, 11004, 11005, 11006, 11007, 11008, 11009, 11010, 11011, 
11012, 11013, 11014, 11015, 11016, 11017, 11018, 11019, 11020, 
11021, 11022, 11023, 11024, 11025, 11026, 11027, 11028, 11029, 
11030, 11031), class = "Date"), class = c("zooreg", "zoo"), frequency = 1)
