"watertemp" <-
structure(c(18, 17.4, 18.2, 17.5, 17.4, 18, 18.6, 18.1, 18.2, 
18.3, 18.6, 17.5, 17.7, 17.8, 17.7, 17.7, 17.8, 18.7, 18.4, 18.6, 
18.1, 18.5, 18.7, 19.7, 19.1, 18.5, 19.3, 19.3, 19, 19.3, 18.9, 
19.1, 19.2, 19.2, 19.3, 20.9, 20.7, 20.4, 20.3, 21, 21, 20.9, 
20.8, 21.2, 21.1, 20.7, 20.7, 20.7, 20.5, 20.3, 20, 20.6, 20.5, 
20.6, 20.4, 20.2, 20.1, 20, 19.7, 19.6, 19.4, 19.3, 19.1, 18.9, 
18.4, 18.6, 18.4, 18.4, 18.3, 18.4, 18.1, 18.1, 18, 17.8, 17.6, 
17.3, 17.2, 17.2, 17, 16.8, 16.7, 16.7, 16.7, 16.6, 16.5, 16.5, 
16.7, 16.6, 16.5, 16.5, 17.1, 16.6, 17.1, 18.7, 18.8, 19.7, 19.7, 
19.3, 19.5, 19.7, 19.9, 20.4, 20.2, 20, 19.9, 23.9, 20, 20.5, 
20.1, 19.7, 19.7, 19.4, 19.2, 19, 18.9, 18.9, 18.6, 18.2, 18.1, 
18.6, 18.1, 18.1, 19.1, 17.7, 17.7, 17.6, 17.4, 17.4, 17.3, 17.3, 
17.3, 17.2, 17.1, 17.1, 16.7, 16.5, 16.9, 16.8, 16.7, 16.6, 16.6, 
16.5, 16.6, 16.6, 16.8, 16.9, 17, 17.2, 17.1, 17.4, 17.1, 17.1, 
17.2, 17.3, 17.3, 17.3, 17.1, 16.9, 16.9, 17, 17, 17, 17, 17, 
17, 16.9, 16.9, 17, 17, 17, 17, 17, 17.3, 17.2, 17.3, 17.5, 17.6, 
18.5, 18.1, 18.3, 18.1, 17.9, 18.2, 18.2, 18.6, 18.3, 18.1, 18, 
18.3, 17.8, 18.2, 18.1, 17.6, 18.1, 18.3, 18.7, 18.5, 17.8, 18.3, 
17.6, 18.1, 18.2, 18.5, 18.1, 17.9, 18.4, 17.4, 16.8, 16.7, 16.8, 
18, 17.1, 17.7, 16.8, 17.4, 16.8, 16.9, 17.1, 16.5, 16.7, 16.5, 
16.5, 16.5, 16.3, 16.3, 16.4, 16.1, 16.1, 16.2, 16.2, 15.9, 16, 
16.1, 16.1, 16.1, 16, 16, 16, 16.2, 16.2, 16.2, 16.2, 16.2, 16.2, 
16.2, 16.3, 16.3, 16.1, 16.8, 17.1, 17.3, 17.6, 17.8, 17.3, 18.1, 
17.8, 18.5, 17.5, 19.3, 19.4, 19.5, 19.9, 20.3, 20.6, 20.7, 20.6, 
20.5, 20.5, 20.7, 20.8, 20.5, 21, 21.2, 21.2, 21.2, 21.3, 21.3, 
21.2, 21.4, 21.4, 21.4, 21.4, 21.4, 21.4, 21.5, 21.5, 21.4, 21.6, 
21.6, 21.7, 21.7, 21.5, 21.5, 21.2, 21.3, 21.2, 21.2, 21.2, 21.1, 
21, 20.9, 20.8, 20.7, 20.5, 20.3, 20.4, 19.9, 19.8, 20.2, 20.3, 
20.1, 19.7, 19.4, 20, 20.2, 19.7, 19.5, 20.3, 19.6, 20, 20, 20.1, 
20.1, 20.1, 20.1, 20, 20, 19.9, 19.8, 19.6, 19.6, 19.5, 19.7, 
19.8, 19.9, 20, 20, 20.1, 20.2, 20.2, 20.2, 20.2, 20.3, 20.3, 
20.4, 20.5, 20.5, 20.5, 20.5, 20.5, 20.5, 20.6, 20.9, 20.8, 20.7, 
20.7, 20.7, 20.7, 21, 21, 20.9, 20.9, 20.9, 21, 20.9, 21, 20.9, 
20.8, 20.6, 20.6, 20.6, 20.6, 20.6, 20.5, 20.3, 20.3, 20.3, 20.4, 
20.5, 20.5, 20.3, 20.3, 20.4, 20.5, 20.6, 20.6, 20.5, 20.5, 20.5, 
20.5, 20.5, 20.6, 20.6, 20.7, 20.7, 20.7, 20.7, 20.6, 20.5, 20.4, 
20.2, 20.1, 20.1, 20.1, 20.1, 20, 20, 20.1, 20.1, 20, 20, 20, 
20, 20.1, 20.1, 20.1, 20.3, 20.4, 20.4, 20.5, 20.7, 20.7, 20.8, 
20.9, 20.8, 20.9, 20.8, 20.9, 20.9, 21, 20.9, 21, 21, 21, 21, 
20.9, 20.9, 20.8, 20.9, 20.8, 20.7, 20.9, 20.8, 20.9, 20.9, 20.9, 
21, 21, 20.8, 20.8, 20.7, 20.8, 20.9, 20.9, 21, 21.1, 21.2, 21.2, 
21.1, 21.3, 21.3, 21.3, 21.3, 21.4, 21.4, 21.4, 21.4, 21.4, 21.4, 
21.4, 21.4, 21.4, 21.3, 21.3, 21.3, 21.2, 21.2, 21.2, 21.2, 21.2, 
21.2, 21.1, 21.1, 21.1, 21.1, 21.1, 21.1, 21.1, 21.1, 21, 21.1, 
21.1, 21, 21.1, 21, 21.1, 21, 21, 21.1, 21, 21, 21, 21, 21, 21, 
21.1, 21, 21.1, 21.1, 21.1, 21.1, 21.1, 21.1, 21.1, 21.1, 21.1, 
21, 21, 21, 20.9, 21, 21, 21, 21, 21, 21.1, 21, 21, 21, 21, 21, 
21, 21, 21, 20.9, 20.9, 20.9, 20.9, 20.8, 20.9, 20.7, 20.8, 20.8, 
20.7, 20.7, 20.7, 20.9, 20.8, 20.9, 20.9, 21, 21, 21, 21, 21, 
21.1, 21.1, 21.1, 21.1, 21.1, 21.2, 21.1, 21.1, 21.1, 21.2, 21.1, 
21.1, 21.1, 21.1, 21.2, 21.1, 21.1, 21.1, 21.1, 21, 21, 21.1, 
21, 20.9, 20.8, 20.7, 20.7, 20.7, 20.6, 20.6, 20.6, 20.6, 20.5, 
20.5, 20.6, 20.5, 20.5, 20.5, 20.6, 20.7, 20.7, 20.6, 20.7, 20.8, 
20.7, 20.8, 20.8, 20.9, 20.9, 21, 21, 21.1, 21.1, 21, 21.3, 21.3, 
21.4, 21.4, 21.4, 21.4, 21.4, 21.4, 21.4, 21.4, 21.4, 21.4, 21.4, 
21.3, 21.3, 21.3, 21.3, 21.3, 21.3, 21.3, 21.3, 21.3, 21.3, 21.3, 
21.3, 21.3, 21.1, 21, 20, 19.7, 20, 20, 19.9, 19.8, 19.8, 19.9, 
20, 20.2, 20.2, 20.3, 20.3, 20.3, 20.3, 20.3, 20.3, 20.2, 20.2, 
20.1, 20, 20.1, 20.1, 20.2, 20.2, 20.2, 20.3, 20.3, 20.3, 20.3, 
20.2, 20.1, 20.1, 20.1, 20.1, 20.1, 20.1, 20.1, 20.1, 20.1, 20.2, 
20.2, 20.1, 20.2, 20.2, 20.2, 20.2, 20.3, 20.3, 20.3, 20.5, 20.5, 
20.5, 20.5, 20.5, 20.5, 20.4, 20.4, 20.5, 20.5, 20.5, 20.5, 20.5, 
20.5, 20.5, 20.5, 20.5, 20.5, 20.5, 20.5, 20.5, 20.5, 20.5, 20.4, 
20.5, 20.5, 20.4, 20.4, 20.4, 20.4, 20.4, 20.4, 20.4, 20.4, 20.4, 
20.5, 20.4, 20.5, 20.5, 20.4, 20.5, 20.5, 20.5, 20.4, 20.5, 20.5, 
20.4, 20.4, 20.1, 20, 20.1, 20.1, 19.7, 19.8, 19.8, 20, 19.9, 
19.8, 19.9, 19.9, 20, 20, 20, 20.1, 20.1, 20.2, 20.2, 20.3, 20.2, 
20.3, 20.2, 20.1, 20.1, 20.1, 20.1, 20.1, 19.8, 20, 19.9, 19.9, 
19.7, 19.6, 19.7, 19.6, 19.6, 19.7, 19.6, 19.8, 19.6, 19.6, 19.7, 
19.9, 19.9, 19.9, 19.9, 19.8, 19.9, 20, 19.8, 19.9, 20, 19.9, 
20, 20, 20, 19.9, 19.8, 19.8, 20, 19.9, 19.8, 19.8, 19.9, 19.7, 
19.8, 19.8, 19.9, 20, 19.9, 19.9, 19.9, 19.9, 19.7, 19.8, 19.9, 
19.7, 19.7, 19.9, 19.9, 19.9, 19.9, 19.9, 19.9, 19.9, 19.9, 19.9, 
19.9, 19.9, 19.8, 19.9, 19.8, 19.9, 20, 19.9, 19.9, 21, 21.1, 
21.1, 21.1, 21.1, 21, 20.8, 20.8, 20.8, 20.7, 20.6, 20.6, 20.5, 
20.5, 20.5, 20.5, 20.4, 20.4, 20.4, 20.4, 20.4, 20.4, 20.4, 20.4, 
20.4, 20.4, 20.4, 20.4, 20.4, 20.4, 20.4, 20.4, 20.4, 20.4, 20.3, 
20.3, 20.3, 20.4, 20.3, 20.3, 20.3, 20.3, 20.3, 20.3, 20.3, 20.4, 
20.4, 20.4, 20.4, 20.4, 20.5, 20.4, 20.4, 20.4, 20.5, 20.5, 20.5, 
20.5, 20.5, 20.5, 20.5, 20.5, 20.5, 20.5, 20.5, 20.5, 20.5, 20.5, 
20.4, 20.4, 20.4, 20.4, 20.4, 20.4, 20.4, 20.4, 20.4, 20.4, 20.4, 
20.4, 20.4, 20.4, 20.4, 20.5, 20.4, 20.4, 20.4, 20.3, 20.4, 20.3, 
20.3, 20.3, 20.3, 20.3, 20.3, 20.3, 20.3, 20.3, 20.3, 20.4, 20.4, 
20.4, 20.4, 20.4, 20.4, 20.4, 20.4, 20.5, 20.5, 20.5, 20.5, 20.5, 
20.5, 20.5, 20.5, 20.5, 20.5, 20.5, 20.5, 20.5, 20.6, 20.6, 20.6, 
20.6, 20.6, 20.6, 20.6, 20.6, 20.6, 20.6, 20.7, 20.7, 20.7, 20.7, 
20.7, 20.7, 20.7, 20.7, 20.7, 20.7, 20.8, 20.7, 20.6, 20.6, 20.7, 
20.6, 20.6, 20.7, 20.7, 20.7, 20.6, 20.6, 20.7, 20.7, 20.7, 20.7, 
20.8, 20.8, 20.8, 20.7, 20.7, 20.7, 20.6, 20.6, 20.7, 20.6, 20.7, 
20.6, 20.7, 20.6, 20.6, 20.6, 20.6, 20.6, 20.7, 20.7, 20.6, 20.7, 
20.6, 20.6, 20.6, 20.6, 20.5, 20.5, 20.5, 20.5, 20.5, 20.5, 20.5, 
20.5, 20.5, 20.6, 20.6, 20.7, 20.8, 20.8, 20.8, 20.6, 20.5, 20.5, 
20.5, 20.5, 20.5, 20.6, 20.5, 20.6, 20.5, 20.5, 20.5, 20.5, 20.5, 
20.5, 20.5, 20.5, 20.5, 20.5, 20.5, 20.5, 20.5, 20.5, 20.5, 20.5, 
20.5, 20.5, 20.5, 20.5, 20.5, 20.6, 20.6, 20.7, 20.8, 20.8, 20.9, 
21, 20.9, 20.8, 20.9, 20.9, 21, 20.9, 20.9, 20.9, 21.4, 21.4, 
21.4, 21.7, 21.8, 21.8, 21.8, 21.7, 21.8, 21.8, 21.8, 21.7, 21.7, 
21.7, 21.8, 21.7, 21.7, 21.7, 21.7, 21.7, 21.7, 21.6, 21.6, 21.6, 
21.6, 21.6, 21.6, 21.6, 21.5, 21.4, 21, 21.1, 21.3, 21.1, 20.9, 
20.9, 20.8, 20.6, 20.5, 20.5, 20.5, 20.5, 20.4, 20.4, 20.5, 20.5, 
20.5, 20.5, 20.5, 20.5, 20.5, 20.5, 20.5, 20.5, 20.5, 20.5, 20.5, 
20.5, 20.5, 20.5, 20.5, 20.5, 20.5, 20.5, 20.5, 20.5, 20.5, 20.5, 
20.5, 20.5, 20.5, 20.5, 20.5, 20.5, 20.5, 20.5, 20.6, 20.6, 20.6, 
20.5, 20.6, 20.5, 20.5, 20.6, 20.5, 20.5, 20.5, 20.4, 20.4, 20.5, 
20.4, 20.5, 20.5, 20.5, 20.5, 20.6, 20.6, 20.6, 20.6, 20.6, 20.7, 
20.6, 20.6, 20.7, 20.7, 20.7, 20.8, 20.8, 20.8, 20.8, 20.8, 20.7, 
20.8, 20.7, 20.7, 20.6, 20.7, 20.7, 20.6, 20.7, 20.6, 20.8, 20.8, 
20.8, 20.8, 20.7, 20.6, 20.6, 20.6, 20.6, 20.5, 20.5, 20.5, 20.5, 
20.6, 20.6, 20.6, 20.6, 20.5, 20.5, 20.5, 20.5, 20.5, 20.6, 20.6, 
20.5, 20.5, 20.5, 20.5, 20.5, 20.6, 20.5, 20.6, 20.6, 20.6, 20.6, 
20.6, 20.6, 20.5, 20.7, 20.7, 20.6, 20.6, 20.5, 20.8, 20.5, 20.7, 
20.6, 20.7, 20.7, 20.8, 20.8, 20.6, 20.6, 20.5, 20.5, 20.4, 20.5, 
20.5, 20.5, 20.6, 20.5, 20.5, 20.5, 20.5, 20.5, 20.5, 20.5, 20.5, 
20.5, 20.6, 20.5, 20.6, 20.6, 20.6, 20.7, 20.7, 20.7, 20.7, 20.7, 
20.7, 20.7, 20.8, 20.8, 20.7, 20.7, 20.7, 20.7, 20.7, 20.7, 20.7, 
20.7, 20.7, 20.7, 20.7, 20.6, 20.6, 20.6, 20.6, 20.6, 20.6, 20.6, 
20.6, 20.6, 20.6, 20.6, 20.6, 20.6, 20.7, 20.7, 20.7, 20.7, 20.7, 
20.7, 20.7, 20.7, 20.7, 20.7, 20.7, 20.7, 20.7, 20.7, 20.7, 20.8, 
20.8, 20.8, 20.9, 20.9, 20.9, 20.9, 20.9, 20.8, 20.8, 20.9, 20.8, 
20.9, 20.9, 20.9, 20.9, 20.8, 20.8, 20.8, 20.8, 20.7, 20.7, 20.8, 
